Series ID,Year,Period,Label,Value,Change in Index,Inflation_Rate
CUURS37BSAF1,1980,M02,1980 Feb,80.9,0,0
CUURS37BSAF1,1980,M04,1980 Apr,81.8,0.9,1.1
CUURS37BSAF1,1980,M06,1980 Jun,82.2,0.4,0.5
CUURS37BSAF1,1980,M08,1980 Aug,84.8,2.6,3.2
CUURS37BSAF1,1980,M10,1980 Oct,87.4,2.6,3.1
CUURS37BSAF1,1980,M12,1980 Dec,88.2,0.8,0.9
CUURS37BSAF1,1981,M02,1981 Feb,90.0,1.8,2.0
CUURS37BSAF1,1981,M04,1981 Apr,91.1,1.1,1.2
CUURS37BSAF1,1981,M06,1981 Jun,91.7,0.6,0.7
CUURS37BSAF1,1981,M08,1981 Aug,93.3,1.6,1.7
CUURS37BSAF1,1981,M10,1981 Oct,93.4,0.1,0.1
CUURS37BSAF1,1981,M12,1981 Dec,93.3,-0.1,-0.1
CUURS37BSAF1,1982,M02,1982 Feb,94.7,1.4,1.5
CUURS37BSAF1,1982,M04,1982 Apr,95.3,0.6,0.6
CUURS37BSAF1,1982,M06,1982 Jun,96.7,1.4,1.5
CUURS37BSAF1,1982,M08,1982 Aug,97.6,0.9,0.9
CUURS37BSAF1,1982,M10,1982 Oct,97.6,0.0,0.0
CUURS37BSAF1,1982,M12,1982 Dec,97.8,0.2,0.2
CUURS37BSAF1,1983,M02,1983 Feb,98.3,0.5,0.5
CUURS37BSAF1,1983,M04,1983 Apr,98.9,0.6,0.6
CUURS37BSAF1,1983,M06,1983 Jun,99.6,0.7,0.7
CUURS37BSAF1,1983,M08,1983 Aug,99.8,0.2,0.2
CUURS37BSAF1,1983,M10,1983 Oct,99.6,-0.2,-0.2
CUURS37BSAF1,1983,M12,1983 Dec,99.6,0.0,0.0
CUURS37BSAF1,1984,M02,1984 Feb,104.0,4.4,4.4
CUURS37BSAF1,1984,M04,1984 Apr,104.4,0.4,0.4
CUURS37BSAF1,1984,M06,1984 Jun,104.4,0.0,0.0
CUURS37BSAF1,1984,M08,1984 Aug,104.7,0.3,0.3
CUURS37BSAF1,1984,M10,1984 Oct,104.8,0.1,0.1
CUURS37BSAF1,1984,M12,1984 Dec,105.5,0.7,0.7
CUURS37BSAF1,1985,M02,1985 Feb,105.5,0.0,0.0
CUURS37BSAF1,1985,M04,1985 Apr,104.6,-0.9,-0.9
CUURS37BSAF1,1985,M06,1985 Jun,104.7,0.1,0.1
CUURS37BSAF1,1985,M08,1985 Aug,105.1,0.4,0.4
CUURS37BSAF1,1985,M10,1985 Oct,104.7,-0.4,-0.4
CUURS37BSAF1,1985,M12,1985 Dec,106.0,1.3,1.2
CUURS37BSAF1,1986,M02,1986 Feb,106.4,0.4,0.4
CUURS37BSAF1,1986,M04,1986 Apr,106.3,-0.1,-0.1
CUURS37BSAF1,1986,M06,1986 Jun,106.9,0.6,0.6
CUURS37BSAF1,1986,M08,1986 Aug,107.8,0.9,0.8
CUURS37BSAF1,1986,M10,1986 Oct,108.6,0.8,0.7
CUURS37BSAF1,1986,M12,1986 Dec,109.5,0.9,0.8
CUURS37BSAF1,1987,M02,1987 Feb,111.8,2.3,2.1
CUURS37BSAF1,1987,M04,1987 Apr,111.8,0.0,0.0
CUURS37BSAF1,1987,M06,1987 Jun,112.0,0.2,0.2
CUURS37BSAF1,1987,M08,1987 Aug,111.7,-0.3,-0.3
CUURS37BSAF1,1987,M10,1987 Oct,113.4,1.7,1.5
CUURS37BSAF1,1987,M12,1987 Dec,112.7,-0.7,-0.6
CUURS37BSAF1,1988,M02,1988 Feb,113.9,1.2,1.1
CUURS37BSAF1,1988,M04,1988 Apr,114.2,0.3,0.3
CUURS37BSAF1,1988,M06,1988 Jun,114.4,0.2,0.2
CUURS37BSAF1,1988,M08,1988 Aug,118.0,3.6,3.1
CUURS37BSAF1,1988,M10,1988 Oct,120.2,2.2,1.9
CUURS37BSAF1,1988,M12,1988 Dec,118.8,-1.4,-1.2
CUURS37BSAF1,1989,M02,1989 Feb,122.3,3.5,2.9
CUURS37BSAF1,1989,M04,1989 Apr,122.4,0.1,0.1
CUURS37BSAF1,1989,M06,1989 Jun,122.3,-0.1,-0.1
CUURS37BSAF1,1989,M08,1989 Aug,121.5,-0.8,-0.7
CUURS37BSAF1,1989,M10,1989 Oct,122.3,0.8,0.7
CUURS37BSAF1,1989,M12,1989 Dec,124.1,1.8,1.5
CUURS37BSAF1,1990,M02,1990 Feb,128.6,4.5,3.6
CUURS37BSAF1,1990,M04,1990 Apr,127.6,-1.0,-0.8
CUURS37BSAF1,1990,M06,1990 Jun,129.2,1.6,1.3
CUURS37BSAF1,1990,M08,1990 Aug,129.7,0.5,0.4
CUURS37BSAF1,1990,M10,1990 Oct,131.8,2.1,1.6
CUURS37BSAF1,1990,M12,1990 Dec,129.6,-2.2,-1.7
CUURS37BSAF1,1991,M02,1991 Feb,131.7,2.1,1.6
CUURS37BSAF1,1991,M04,1991 Apr,131.5,-0.2,-0.2
CUURS37BSAF1,1991,M06,1991 Jun,130.2,-1.3,-1.0
CUURS37BSAF1,1991,M08,1991 Aug,130.4,0.2,0.2
CUURS37BSAF1,1991,M10,1991 Oct,131.2,0.8,0.6
CUURS37BSAF1,1991,M12,1991 Dec,130.9,-0.3,-0.2
CUURS37BSAF1,1992,M02,1992 Feb,132.0,1.1,0.8
CUURS37BSAF1,1992,M04,1992 Apr,131.3,-0.7,-0.5
CUURS37BSAF1,1992,M06,1992 Jun,128.8,-2.5,-1.9
CUURS37BSAF1,1992,M08,1992 Aug,128.5,-0.3,-0.2
CUURS37BSAF1,1992,M10,1992 Oct,128.4,-0.1,-0.1
CUURS37BSAF1,1992,M12,1992 Dec,129.3,0.9,0.7
CUURS37BSAF1,1993,M02,1993 Feb,131.2,1.9,1.5
CUURS37BSAF1,1993,M04,1993 Apr,127.5,-3.7,-2.8
CUURS37BSAF1,1993,M06,1993 Jun,129.1,1.6,1.3
CUURS37BSAF1,1993,M08,1993 Aug,132.4,3.3,2.6
CUURS37BSAF1,1993,M10,1993 Oct,134.1,1.7,1.3
CUURS37BSAF1,1993,M12,1993 Dec,135.9,1.8,1.3
CUURS37BSAF1,1994,M02,1994 Feb,135.4,-0.5,-0.4
CUURS37BSAF1,1994,M04,1994 Apr,136.5,1.1,0.8
CUURS37BSAF1,1994,M06,1994 Jun,135.5,-1.0,-0.7
CUURS37BSAF1,1994,M08,1994 Aug,137.6,2.1,1.5
CUURS37BSAF1,1994,M10,1994 Oct,137.2,-0.4,-0.3
CUURS37BSAF1,1994,M12,1994 Dec,139.5,2.3,1.7
CUURS37BSAF1,1995,M02,1995 Feb,139.5,0.0,0.0
CUURS37BSAF1,1995,M04,1995 Apr,140.4,0.9,0.6
CUURS37BSAF1,1995,M06,1995 Jun,138.9,-1.5,-1.1
CUURS37BSAF1,1995,M08,1995 Aug,139.3,0.4,0.3
CUURS37BSAF1,1995,M10,1995 Oct,139.9,0.6,0.4
CUURS37BSAF1,1995,M12,1995 Dec,140.4,0.5,0.4
CUURS37BSAF1,1996,M02,1996 Feb,139.9,-0.5,-0.4
CUURS37BSAF1,1996,M04,1996 Apr,140.6,0.7,0.5
CUURS37BSAF1,1996,M06,1996 Jun,141.8,1.2,0.9
CUURS37BSAF1,1996,M08,1996 Aug,144.3,2.5,1.8
CUURS37BSAF1,1996,M10,1996 Oct,144.6,0.3,0.2
CUURS37BSAF1,1996,M12,1996 Dec,145.6,1.0,0.7
CUURS37BSAF1,1997,M02,1997 Feb,146.8,1.2,0.8
CUURS37BSAF1,1997,M04,1997 Apr,146.5,-0.3,-0.2
CUURS37BSAF1,1997,M06,1997 Jun,147.1,0.6,0.4
CUURS37BSAF1,1997,M08,1997 Aug,147.9,0.8,0.5
CUURS37BSAF1,1997,M10,1997 Oct,149.2,1.3,0.9
CUURS37BSAF1,1997,M12,1997 Dec,148.3,-0.9,-0.6
CUURS37BSAF1,1998,M02,1998 Feb,149.3,1.0,0.7
CUURS37BSAF1,1998,M04,1998 Apr,150.0,0.7,0.5
CUURS37BSAF1,1998,M06,1998 Jun,150.4,0.4,0.3
CUURS37BSAF1,1998,M08,1998 Aug,151.2,0.8,0.5
CUURS37BSAF1,1998,M10,1998 Oct,151.2,0.0,0.0
CUURS37BSAF1,1998,M12,1998 Dec,150.5,-0.7,-0.5
CUURS37BSAF1,1999,M02,1999 Feb,150.1,-0.4,-0.3
CUURS37BSAF1,1999,M04,1999 Apr,151.6,1.5,1.0
CUURS37BSAF1,1999,M06,1999 Jun,151.7,0.1,0.1
CUURS37BSAF1,1999,M08,1999 Aug,153.6,1.9,1.3
CUURS37BSAF1,1999,M10,1999 Oct,152.4,-1.2,-0.8
CUURS37BSAF1,1999,M12,1999 Dec,153.8,1.4,0.9
CUURS37BSAF1,2000,M02,2000 Feb,154.0,0.2,0.1
CUURS37BSAF1,2000,M04,2000 Apr,154.4,0.4,0.3
CUURS37BSAF1,2000,M06,2000 Jun,157.5,3.1,2.0
CUURS37BSAF1,2000,M08,2000 Aug,157.9,0.4,0.3
CUURS37BSAF1,2000,M10,2000 Oct,157.9,0.0,0.0
CUURS37BSAF1,2000,M12,2000 Dec,161.6,3.7,2.3
CUURS37BSAF1,2001,M02,2001 Feb,161.0,-0.6,-0.4
CUURS37BSAF1,2001,M04,2001 Apr,161.3,0.3,0.2
CUURS37BSAF1,2001,M06,2001 Jun,162.4,1.1,0.7
CUURS37BSAF1,2001,M08,2001 Aug,163.5,1.1,0.7
CUURS37BSAF1,2001,M10,2001 Oct,164.4,0.9,0.6
CUURS37BSAF1,2001,M12,2001 Dec,164.9,0.5,0.3
CUURS37BSAF1,2002,M02,2002 Feb,163.8,-1.1,-0.7
CUURS37BSAF1,2002,M04,2002 Apr,163.4,-0.4,-0.2
CUURS37BSAF1,2002,M06,2002 Jun,164.5,1.1,0.7
CUURS37BSAF1,2002,M08,2002 Aug,163.1,-1.4,-0.9
CUURS37BSAF1,2002,M10,2002 Oct,163.6,0.5,0.3
CUURS37BSAF1,2002,M12,2002 Dec,163.8,0.2,0.1
CUURS37BSAF1,2003,M02,2003 Feb,166.2,2.4,1.5
CUURS37BSAF1,2003,M04,2003 Apr,165.7,-0.5,-0.3
CUURS37BSAF1,2003,M06,2003 Jun,166.3,0.6,0.4
CUURS37BSAF1,2003,M08,2003 Aug,167.8,1.5,0.9
CUURS37BSAF1,2003,M10,2003 Oct,170.6,2.8,1.7
CUURS37BSAF1,2003,M12,2003 Dec,170.1,-0.5,-0.3
CUURS37BSAF1,2004,M02,2004 Feb,171.9,1.8,1.1
CUURS37BSAF1,2004,M04,2004 Apr,171.6,-0.3,-0.2
CUURS37BSAF1,2004,M06,2004 Jun,171.8,0.2,0.1
CUURS37BSAF1,2004,M08,2004 Aug,173.6,1.8,1.0
CUURS37BSAF1,2004,M10,2004 Oct,174.6,1.0,0.6
CUURS37BSAF1,2004,M12,2004 Dec,174.1,-0.5,-0.3
CUURS37BSAF1,2005,M02,2005 Feb,175.1,1.0,0.6
CUURS37BSAF1,2005,M04,2005 Apr,175.6,0.5,0.3
CUURS37BSAF1,2005,M06,2005 Jun,175.0,-0.6,-0.3
CUURS37BSAF1,2005,M08,2005 Aug,176.3,1.3,0.7
CUURS37BSAF1,2005,M10,2005 Oct,178.1,1.8,1.0
CUURS37BSAF1,2005,M12,2005 Dec,177.3,-0.8,-0.4
CUURS37BSAF1,2006,M02,2006 Feb,177.6,0.3,0.2
CUURS37BSAF1,2006,M04,2006 Apr,177.7,0.1,0.1
CUURS37BSAF1,2006,M06,2006 Jun,178.3,0.6,0.3
CUURS37BSAF1,2006,M08,2006 Aug,179.8,1.5,0.8
CUURS37BSAF1,2006,M10,2006 Oct,180.7,0.9,0.5
CUURS37BSAF1,2006,M12,2006 Dec,181.0,0.3,0.2
CUURS37BSAF1,2007,M02,2007 Feb,183.415,2.415,1.33425414364641
CUURS37BSAF1,2007,M04,2007 Apr,183.220,-0.195,-0.106
CUURS37BSAF1,2007,M06,2007 Jun,185.389,2.169,1.184
CUURS37BSAF1,2007,M08,2007 Aug,185.179,-0.210,-0.113
CUURS37BSAF1,2007,M10,2007 Oct,187.399,2.220,1.199
CUURS37BSAF1,2007,M12,2007 Dec,189.663,2.264,1.208
CUURS37BSAF1,2008,M02,2008 Feb,191.139,1.476,0.778
CUURS37BSAF1,2008,M04,2008 Apr,192.077,0.938,0.491
CUURS37BSAF1,2008,M06,2008 Jun,196.928,4.851,2.526
CUURS37BSAF1,2008,M08,2008 Aug,200.192,3.264,1.657
CUURS37BSAF1,2008,M10,2008 Oct,202.131,1.939,0.969
CUURS37BSAF1,2008,M12,2008 Dec,201.316,-0.815,-0.403
CUURS37BSAF1,2009,M02,2009 Feb,201.221,-0.095,-0.047
CUURS37BSAF1,2009,M04,2009 Apr,199.753,-1.468,-0.730
CUURS37BSAF1,2009,M06,2009 Jun,198.109,-1.644,-0.823
CUURS37BSAF1,2009,M08,2009 Aug,197.794,-0.315,-0.159
CUURS37BSAF1,2009,M10,2009 Oct,197.445,-0.349,-0.176
CUURS37BSAF1,2009,M12,2009 Dec,196.399,-1.046,-0.530
CUURS37BSAF1,2010,M02,2010 Feb,198.374,1.975,1.006
CUURS37BSAF1,2010,M04,2010 Apr,198.182,-0.192,-0.097
CUURS37BSAF1,2010,M06,2010 Jun,198.837,0.655,0.331
CUURS37BSAF1,2010,M08,2010 Aug,199.100,0.263,0.132
CUURS37BSAF1,2010,M10,2010 Oct,199.459,0.359,0.180
CUURS37BSAF1,2010,M12,2010 Dec,200.140,0.681,0.341
CUURS37BSAF1,2011,M02,2011 Feb,202.475,2.335,1.167
CUURS37BSAF1,2011,M04,2011 Apr,204.185,1.710,0.845
CUURS37BSAF1,2011,M06,2011 Jun,206.023,1.838,0.900
CUURS37BSAF1,2011,M08,2011 Aug,207.649,1.626,0.789
CUURS37BSAF1,2011,M10,2011 Oct,209.266,1.617,0.779
CUURS37BSAF1,2011,M12,2011 Dec,209.683,0.417,0.199
CUURS37BSAF1,2012,M02,2012 Feb,210.660,0.977,0.466
CUURS37BSAF1,2012,M04,2012 Apr,210.841,0.181,0.086
CUURS37BSAF1,2012,M06,2012 Jun,210.843,0.002,0.001
CUURS37BSAF1,2012,M08,2012 Aug,212.492,1.649,0.782
CUURS37BSAF1,2012,M10,2012 Oct,213.017,0.525,0.247
CUURS37BSAF1,2012,M12,2012 Dec,212.377,-0.640,-0.300
CUURS37BSAF1,2013,M02,2013 Feb,213.775,1.398,0.658
CUURS37BSAF1,2013,M04,2013 Apr,213.474,-0.301,-0.141
CUURS37BSAF1,2013,M06,2013 Jun,213.940,0.466,0.218
CUURS37BSAF1,2013,M08,2013 Aug,213.096,-0.844,-0.395
CUURS37BSAF1,2013,M10,2013 Oct,215.610,2.514,1.180
CUURS37BSAF1,2013,M12,2013 Dec,215.025,-0.585,-0.271
CUURS37BSAF1,2014,M02,2014 Feb,215.390,0.365,0.170
CUURS37BSAF1,2014,M04,2014 Apr,216.939,1.549,0.719
CUURS37BSAF1,2014,M06,2014 Jun,219.444,2.505,1.155
CUURS37BSAF1,2014,M08,2014 Aug,220.262,0.818,0.373
CUURS37BSAF1,2014,M10,2014 Oct,221.706,1.444,0.656
CUURS37BSAF1,2014,M12,2014 Dec,221.813,0.107,0.048
CUURS37BSAF1,2015,M02,2015 Feb,222.838,1.025,0.462
CUURS37BSAF1,2015,M04,2015 Apr,223.475,0.637,0.286
CUURS37BSAF1,2015,M06,2015 Jun,223.195,-0.280,-0.125
CUURS37BSAF1,2015,M08,2015 Aug,224.800,1.605,0.719
CUURS37BSAF1,2015,M10,2015 Oct,224.190,-0.610,-0.271
CUURS37BSAF1,2015,M12,2015 Dec,225.223,1.033,0.461
CUURS37BSAF1,2016,M02,2016 Feb,224.300,-0.923,-0.410
CUURS37BSAF1,2016,M04,2016 Apr,224.621,0.321,0.143
CUURS37BSAF1,2016,M06,2016 Jun,224.188,-0.433,-0.193
CUURS37BSAF1,2016,M08,2016 Aug,223.527,-0.661,-0.295
CUURS37BSAF1,2016,M10,2016 Oct,223.828,0.301,0.135
CUURS37BSAF1,2016,M12,2016 Dec,224.049,0.221,0.099
CUURS37BSAF1,2017,M02,2017 Feb,225.139,1.090,0.487
CUURS37BSAF1,2017,M04,2017 Apr,225.932,0.793,0.352
CUURS37BSAF1,2017,M06,2017 Jun,224.842,-1.090,-0.482
CUURS37BSAF1,2017,M08,2017 Aug,227.549,2.707,1.204
CUURS37BSAF1,2017,M10,2017 Oct,227.444,-0.105,-0.046
CUURS37BSAF1,2017,M12,2017 Dec,229.427,1.983,0.872
CUURS37BSAF1,2018,M02,2018 Feb,228.760,-0.667,-0.291
CUURS37BSAF1,2018,M04,2018 Apr,228.930,0.170,0.074
CUURS37BSAF1,2018,M06,2018 Jun,227.430,-1.500,-0.655
CUURS37BSAF1,2018,M08,2018 Aug,229.332,1.902,0.836
CUURS37BSAF1,2018,M10,2018 Oct,230.106,0.774,0.338
CUURS37BSAF1,2018,M12,2018 Dec,232.089,1.983,0.862
CUURS37BSAF1,2019,M02,2019 Feb,232.679,0.590,0.254
CUURS37BSAF1,2019,M04,2019 Apr,234.017,1.338,0.575
CUURS37BSAF1,2019,M06,2019 Jun,233.831,-0.186,-0.079
CUURS37BSAF1,2019,M08,2019 Aug,233.571,-0.260,-0.111
CUURS37BSAF1,2019,M10,2019 Oct,233.717,0.146,0.063
CUURS37BSAF1,2019,M12,2019 Dec,235.203,1.486,0.636
CUURS37BSAF1,2020,M02,2020 Feb,235.471,0.268,0.114
CUURS37BSAF1,2020,M04,2020 Apr,239.538,4.067,1.727
CUURS37BSAF1,2020,M06,2020 Jun,241.630,2.092,0.873
CUURS37BSAF1,2020,M08,2020 Aug,239.684,-1.946,-0.805
CUURS37BSAF1,2020,M10,2020 Oct,239.760,0.076,0.032
CUURS37BSAF1,2020,M12,2020 Dec,242.249,2.489,1.038
CUURS37BSAF1,2021,M02,2021 Feb,243.716,1.467,0.606
CUURS37BSAF1,2021,M04,2021 Apr,246.306,2.590,1.063
CUURS37BSAF1,2021,M06,2021 Jun,247.361,1.055,0.428
CUURS37BSAF1,2021,M08,2021 Aug,246.558,-0.803,-0.325
CUURS37BSAF1,2021,M10,2021 Oct,253.292,6.734,2.731
CUURS37BSAF1,2021,M12,2021 Dec,254.948,1.656,0.654
CUURS37BSAF1,2022,M02,2022 Feb,260.328,5.380,2.110
CUURS37BSAF1,2022,M04,2022 Apr,267.654,7.326,2.814
CUURS37BSAF1,2022,M06,2022 Jun,275.046,7.392,2.762
CUURS37BSAF1,2022,M08,2022 Aug,283.030,7.984,2.903
CUURS37BSAF1,2022,M10,2022 Oct,286.780,3.750,1.325
CUURS37BSAF1,2022,M12,2022 Dec,285.299,-1.481,-0.516