Series ID,Year,Period,Label,Pre-Value,Value,Change in Index,Inflation_Rate
CUURS23ASAF1,1980,M02,1980 Feb,87.6,87.1,0,0
CUURS23ASAF1,1980,M04,1980 Apr,89.6,89.3,2.2,2.5
CUURS23ASAF1,1980,M06,1980 Jun,90.4,90.3,1.1,1.2
CUURS23ASAF1,1980,M08,1980 Aug,92.6,92.0,1.7,1.9
CUURS23ASAF1,1980,M10,1980 Oct,94.1,93.8,1.8,2.0
CUURS23ASAF1,1980,M12,1980 Dec,95.1,94.8,1.0,1.1
CUURS23ASAF1,1981,M02,1981 Feb,96.4,96.1,1.3,1.3
CUURS23ASAF1,1981,M04,1981 Apr,96.0,96.2,0.2,0.2
CUURS23ASAF1,1981,M06,1981 Jun,96.3,95.9,-0.3,-0.3
CUURS23ASAF1,1981,M08,1981 Aug,97.2,96.9,1.0,1.0
CUURS23ASAF1,1981,M10,1981 Oct,97.1,97.1,0.2,0.2
CUURS23ASAF1,1981,M12,1981 Dec,96.7,96.7,-0.4,-0.4
CUURS23ASAF1,1982,M02,1982 Feb,97.6,97.6,0.9,0.9
CUURS23ASAF1,1982,M04,1982 Apr,98.5,98.0,0.4,0.4
CUURS23ASAF1,1982,M06,1982 Jun,100.1,99.8,1.9,1.9
CUURS23ASAF1,1982,M08,1982 Aug,99.2,99.4,-0.4,-0.4
CUURS23ASAF1,1982,M10,1982 Oct,98.8,98.9,-0.6,-0.6
CUURS23ASAF1,1982,M12,1982 Dec,98.8,98.8,-0.1,-0.1
CUURS23ASAF1,1983,M02,1983 Feb,99.7,99.8,1.0,1.0
CUURS23ASAF1,1983,M04,1983 Apr,99.8,99.8,0.0,0.0
CUURS23ASAF1,1983,M06,1983 Jun,99.3,99.4,-0.4,-0.4
CUURS23ASAF1,1983,M08,1983 Aug,98.3,98.4,-1.1,-1.1
CUURS23ASAF1,1983,M10,1983 Oct,99.2,99.2,0.8,0.8
CUURS23ASAF1,1983,M12,1983 Dec,99.5,99.6,0.5,0.5
CUURS23ASAF1,1984,M02,1984 Feb,102.8,102.4,2.8,2.8
CUURS23ASAF1,1984,M04,1984 Apr,102.1,102.2,-0.2,-0.2
CUURS23ASAF1,1984,M06,1984 Jun,101.3,101.5,-0.7,-0.6
CUURS23ASAF1,1984,M08,1984 Aug,102.4,102.2,0.7,0.7
CUURS23ASAF1,1984,M10,1984 Oct,101.9,102.0,-0.3,-0.2
CUURS23ASAF1,1984,M12,1984 Dec,101.8,101.5,-0.5,-0.5
CUURS23ASAF1,1985,M02,1985 Feb,104.0,103.3,1.8,1.8
CUURS23ASAF1,1985,M04,1985 Apr,103.6,103.9,0.6,0.6
CUURS23ASAF1,1985,M06,1985 Jun,104.1,103.6,-0.3,-0.2
CUURS23ASAF1,1985,M08,1985 Aug,104.0,103.9,0.3,0.2
CUURS23ASAF1,1985,M10,1985 Oct,104.1,104.1,0.3,0.2
CUURS23ASAF1,1985,M12,1985 Dec,106.8,106.1,2.0,1.9
CUURS23ASAF1,1986,M02,1986 Feb,107.7,107.2,1.1,1.0
CUURS23ASAF1,1986,M04,1986 Apr,107.6,107.6,0.4,0.4
CUURS23ASAF1,1986,M06,1986 Jun,108.3,107.8,0.2,0.1
CUURS23ASAF1,1986,M08,1986 Aug,110.2,109.6,1.9,1.7
CUURS23ASAF1,1986,M10,1986 Oct,108.9,109.5,-0.2,-0.1
CUURS23ASAF1,1986,M12,1986 Dec,110.7,110.9,1.4,1.3
CUURS23ASAF1,1987,M02,1987 Feb,112.8,112.9,2.1,1.8
CUURS23ASAF1,1987,M04,1987 Apr,113.0,112.5,-0.5,-0.4
CUURS23ASAF1,1987,M06,1987 Jun,113.3,113.0,0.6,0.5
CUURS23ASAF1,1987,M08,1987 Aug,113.3,113.1,0.1,0.1
CUURS23ASAF1,1987,M10,1987 Oct,113.3,113.5,0.4,0.3
CUURS23ASAF1,1987,M12,1987 Dec,113.7,113.7,0.2,0.2
CUURS23ASAF1,1988,M02,1988 Feb,114.9,114.8,1.1,1.0
CUURS23ASAF1,1988,M04,1988 Apr,115.1,115.1,0.3,0.3
CUURS23ASAF1,1988,M06,1988 Jun,115.7,115.7,0.7,0.6
CUURS23ASAF1,1988,M08,1988 Aug,118.7,118.3,2.6,2.2
CUURS23ASAF1,1988,M10,1988 Oct,119.2,119.2,1.0,0.8
CUURS23ASAF1,1988,M12,1988 Dec,119.2,119.0,-0.2,-0.2
CUURS23ASAF1,1989,M02,1989 Feb,121.4,121.1,2.1,1.7
CUURS23ASAF1,1989,M04,1989 Apr,122.5,122.0,1.0,0.8
CUURS23ASAF1,1989,M06,1989 Jun,122.0,122.0,-0.1,0.0
CUURS23ASAF1,1989,M08,1989 Aug,122.2,122.3,0.4,0.3
CUURS23ASAF1,1989,M10,1989 Oct,123.0,122.9,0.6,0.5
CUURS23ASAF1,1989,M12,1989 Dec,124.2,123.9,1.0,0.8
CUURS23ASAF1,1990,M02,1990 Feb,129.2,128.8,4.9,3.9
CUURS23ASAF1,1990,M04,1990 Apr,129.0,129.1,0.4,0.3
CUURS23ASAF1,1990,M06,1990 Jun,129.9,129.6,0.5,0.3
CUURS23ASAF1,1990,M08,1990 Aug,131.1,131.3,1.8,1.4
CUURS23ASAF1,1990,M10,1990 Oct,131.1,131.2,-0.1,-0.1
CUURS23ASAF1,1990,M12,1990 Dec,133.0,132.7,1.5,1.1
CUURS23ASAF1,1991,M02,1991 Feb,133.8,133.8,1.2,0.9
CUURS23ASAF1,1991,M04,1991 Apr,135.1,134.8,1.0,0.7
CUURS23ASAF1,1991,M06,1991 Jun,135.6,135.7,1.0,0.7
CUURS23ASAF1,1991,M08,1991 Aug,134.1,134.7,-1.0,-0.7
CUURS23ASAF1,1991,M10,1991 Oct,133.7,134.2,-0.5,-0.4
CUURS23ASAF1,1991,M12,1991 Dec,135.1,135.0,0.8,0.6
CUURS23ASAF1,1992,M02,1992 Feb,136.7,136.2,1.3,0.9
CUURS23ASAF1,1992,M04,1992 Apr,137.9,137.9,1.7,1.2
CUURS23ASAF1,1992,M06,1992 Jun,137.7,138.1,0.2,0.1
CUURS23ASAF1,1992,M08,1992 Aug,137.9,137.7,-0.4,-0.3
CUURS23ASAF1,1992,M10,1992 Oct,138.3,138.7,1.0,0.7
CUURS23ASAF1,1992,M12,1992 Dec,139.7,139.3,0.7,0.5
CUURS23ASAF1,1993,M02,1993 Feb,139.6,140.3,1.0,0.7
CUURS23ASAF1,1993,M04,1993 Apr,140.4,140.6,0.3,0.2
CUURS23ASAF1,1993,M06,1993 Jun,141.4,141.7,1.2,0.8
CUURS23ASAF1,1993,M08,1993 Aug,141.8,141.8,0.1,0.0
CUURS23ASAF1,1993,M10,1993 Oct,143.0,142.5,0.7,0.5
CUURS23ASAF1,1993,M12,1993 Dec,144.6,144.0,1.5,1.1
CUURS23ASAF1,1994,M02,1994 Feb,145.1,145.6,1.7,1.1
CUURS23ASAF1,1994,M04,1994 Apr,146.2,146.0,0.4,0.2
CUURS23ASAF1,1994,M06,1994 Jun,144.5,145.0,-1.0,-0.7
CUURS23ASAF1,1994,M08,1994 Aug,146.1,145.5,0.5,0.3
CUURS23ASAF1,1994,M10,1994 Oct,146.4,146.2,0.7,0.5
CUURS23ASAF1,1994,M12,1994 Dec,146.6,146.4,0.2,0.1
CUURS23ASAF1,1995,M02,1995 Feb,150.4,150.0,3.6,2.5
CUURS23ASAF1,1995,M04,1995 Apr,150.6,150.5,0.5,0.3
CUURS23ASAF1,1995,M06,1995 Jun,149.8,149.8,-0.7,-0.4
CUURS23ASAF1,1995,M08,1995 Aug,149.8,150.0,0.2,0.1
CUURS23ASAF1,1995,M10,1995 Oct,150.3,149.9,-0.1,-0.1
CUURS23ASAF1,1995,M12,1995 Dec,152.0,151.7,1.8,1.2
CUURS23ASAF1,1996,M02,1996 Feb,151.8,152.0,0.4,0.2
CUURS23ASAF1,1996,M04,1996 Apr,153.5,153.2,1.2,0.8
CUURS23ASAF1,1996,M06,1996 Jun,154.4,153.5,0.3,0.2
CUURS23ASAF1,1996,M08,1996 Aug,155.4,155.2,1.7,1.1
CUURS23ASAF1,1996,M10,1996 Oct,157.4,156.9,1.7,1.1
CUURS23ASAF1,1996,M12,1996 Dec,159.1,158.6,1.7,1.1
CUURS23ASAF1,1997,M02,1997 Feb,158.3,158.8,0.2,0.1
CUURS23ASAF1,1997,M04,1997 Apr,157.9,158.3,-0.6,-0.3
CUURS23ASAF1,1997,M06,1997 Jun,158.7,158.7,0.5,0.3
CUURS23ASAF1,1997,M08,1997 Aug,159.6,159.5,0.8,0.5
CUURS23ASAF1,1997,M10,1997 Oct,161.0,160.2,0.7,0.4
CUURS23ASAF1,1997,M12,1997 Dec,162.5,161.8,1.6,1.0
CUURS23ASAF1,1998,M02,1998 Feb,162.5,162.5,0.8,0.5
CUURS23ASAF1,1998,M04,1998 Apr,163.5,163.5,1.0,0.6
CUURS23ASAF1,1998,M06,1998 Jun,163.0,163.8,0.3,0.2
CUURS23ASAF1,1998,M08,1998 Aug,165.0,165.2,1.4,0.9
CUURS23ASAF1,1998,M10,1998 Oct,166.5,165.5,0.3,0.2
CUURS23ASAF1,1998,M12,1998 Dec,165.5,165.6,0.1,0.1
CUURS23ASAF1,1999,M02,1999 Feb,168.3,168.0,2.5,1.5
CUURS23ASAF1,1999,M04,1999 Apr,167.7,167.9,-0.2,-0.1
CUURS23ASAF1,1999,M06,1999 Jun,167.2,167.5,-0.4,-0.2
CUURS23ASAF1,1999,M08,1999 Aug,167.6,167.8,0.3,0.1
CUURS23ASAF1,1999,M10,1999 Oct,167.3,167.7,-0.1,-0.1
CUURS23ASAF1,1999,M12,1999 Dec,167.8,167.4,-0.3,-0.2
CUURS23ASAF1,2000,M02,2000 Feb,170.3,169.4,2.1,1.2
CUURS23ASAF1,2000,M04,2000 Apr,167.7,168.2,-1.2,-0.7
CUURS23ASAF1,2000,M06,2000 Jun,171.1,170.9,2.7,1.6
CUURS23ASAF1,2000,M08,2000 Aug,171.7,171.4,0.6,0.3
CUURS23ASAF1,2000,M10,2000 Oct,171.6,171.6,0.2,0.1
CUURS23ASAF1,2000,M12,2000 Dec,171.1,170.8,-0.8,-0.4
CUURS23ASAF1,2001,M02,2001 Feb,174.9,174.6,3.8,2.2
CUURS23ASAF1,2001,M04,2001 Apr,173.8,174.0,-0.7,-0.4
CUURS23ASAF1,2001,M06,2001 Jun,175.9,175.7,1.8,1.0
CUURS23ASAF1,2001,M08,2001 Aug,175.7,175.9,0.2,0.1
CUURS23ASAF1,2001,M10,2001 Oct,177.4,176.8,0.9,0.5
CUURS23ASAF1,2001,M12,2001 Dec,176.4,176.0,-0.8,-0.5
CUURS23ASAF1,2002,M02,2002 Feb,176.9,177.1,1.1,0.6
CUURS23ASAF1,2002,M04,2002 Apr,177.1,177.2,0.1,0.1
CUURS23ASAF1,2002,M06,2002 Jun,178.4,178.5,1.3,0.7
CUURS23ASAF1,2002,M08,2002 Aug,176.5,176.6,-1.9,-1.0
CUURS23ASAF1,2002,M10,2002 Oct,176.4,176.5,-0.1,-0.1
CUURS23ASAF1,2002,M12,2002 Dec,175.1,176.1,-0.4,-0.2
CUURS23ASAF1,2003,M02,2003 Feb,179.4,178.3,2.2,1.2
CUURS23ASAF1,2003,M04,2003 Apr,178.2,179.3,1.0,0.5
CUURS23ASAF1,2003,M06,2003 Jun,181.2,180.0,0.8,0.4
CUURS23ASAF1,2003,M08,2003 Aug,179.7,179.9,-0.2,-0.1
CUURS23ASAF1,2003,M10,2003 Oct,180.2,180.8,1.0,0.5
CUURS23ASAF1,2003,M12,2003 Dec,182.8,181.9,1.1,0.6
CUURS23ASAF1,2004,M02,2004 Feb,183.9,182.3,0.5,0.2
CUURS23ASAF1,2004,M04,2004 Apr,182.2,182.7,0.4,0.2
CUURS23ASAF1,2004,M06,2004 Jun,185.5,185.5,2.8,1.5
CUURS23ASAF1,2004,M08,2004 Aug,187.5,187.3,1.9,1.0
CUURS23ASAF1,2004,M10,2004 Oct,186.6,186.5,-0.9,-0.5
CUURS23ASAF1,2004,M12,2004 Dec,185.8,186.1,-0.4,-0.2
CUURS23ASAF1,2005,M02,2005 Feb,188.5,188.1,2.0,1.1
CUURS23ASAF1,2005,M04,2005 Apr,188.9,188.0,-0.1,-0.1
CUURS23ASAF1,2005,M06,2005 Jun,189.3,189.5,1.5,0.8
CUURS23ASAF1,2005,M08,2005 Aug,187.6,188.1,-1.4,-0.7
CUURS23ASAF1,2005,M10,2005 Oct,189.3,189.1,1.0,0.5
CUURS23ASAF1,2005,M12,2005 Dec,191.7,190.8,1.7,0.9
CUURS23ASAF1,2006,M02,2006 Feb,192.1,192.7,2.0,1.0
CUURS23ASAF1,2006,M04,2006 Apr,191.2,191.6,-1.1,-0.6
CUURS23ASAF1,2006,M06,2006 Jun,192.0,192.3,0.7,0.3
CUURS23ASAF1,2006,M08,2006 Aug,193.9,193.4,1.1,0.6
CUURS23ASAF1,2006,M10,2006 Oct,193.0,193.9,0.6,0.3
CUURS23ASAF1,2006,M12,2006 Dec,193.6,193.7,-0.3,-0.1
CUURS23ASAF1,2007,M02,2007 Feb,195.816,195.824,2.1735,1.12238574748257
CUURS23ASAF1,2007,M04,2007 Apr,196.551,197.125,1.301,0.664
CUURS23ASAF1,2007,M06,2007 Jun,198.646,198.321,1.197,0.607
CUURS23ASAF1,2007,M08,2007 Aug,200.252,200.776,2.455,1.238
CUURS23ASAF1,2007,M10,2007 Oct,203.377,201.717,0.942,0.469
CUURS23ASAF1,2007,M12,2007 Dec,202.073,202.194,0.477,0.236
CUURS23ASAF1,2008,M02,2008 Feb,205.810,205.035,2.841,1.405
CUURS23ASAF1,2008,M04,2008 Apr,207.345,206.492,1.458,0.711
CUURS23ASAF1,2008,M06,2008 Jun,207.426,208.105,1.613,0.781
CUURS23ASAF1,2008,M08,2008 Aug,212.877,211.894,3.789,1.821
CUURS23ASAF1,2008,M10,2008 Oct,213.409,213.320,1.426,0.673
CUURS23ASAF1,2008,M12,2008 Dec,211.814,211.777,-1.543,-0.723
CUURS23ASAF1,2009,M02,2009 Feb,214.714,215.604,3.828,1.807
CUURS23ASAF1,2009,M04,2009 Apr,213.122,213.359,-2.245,-1.041
CUURS23ASAF1,2009,M06,2009 Jun,212.965,213.225,-0.135,-0.063
CUURS23ASAF1,2009,M08,2009 Aug,214.774,214.284,1.059,0.497
CUURS23ASAF1,2009,M10,2009 Oct,213.508,214.033,-0.251,-0.117
CUURS23ASAF1,2009,M12,2009 Dec,214.891,214.047,0.014,0.007
CUURS23ASAF1,2010,M02,2010 Feb,213.800,214.073,0.026,0.012
CUURS23ASAF1,2010,M04,2010 Apr,213.167,213.649,-0.424,-0.198
CUURS23ASAF1,2010,M06,2010 Jun,214.014,214.856,1.207,0.565
CUURS23ASAF1,2010,M08,2010 Aug,214.913,214.806,-0.050,-0.023
CUURS23ASAF1,2010,M10,2010 Oct,216.962,216.351,1.545,0.719
CUURS23ASAF1,2010,M12,2010 Dec,217.436,215.876,-0.475,-0.219
CUURS23ASAF1,2011,M02,2011 Feb,217.527,217.654,1.778,0.823
CUURS23ASAF1,2011,M04,2011 Apr,221.137,220.923,3.270,1.502
CUURS23ASAF1,2011,M06,2011 Jun,222.126,221.161,0.238,0.108
CUURS23ASAF1,2011,M08,2011 Aug,223.009,222.560,1.400,0.633
CUURS23ASAF1,2011,M10,2011 Oct,225.394,225.226,2.666,1.198
CUURS23ASAF1,2011,M12,2011 Dec,224.607,224.862,-0.364,-0.162
CUURS23ASAF1,2012,M02,2012 Feb,224.903,225.663,0.802,0.356
CUURS23ASAF1,2012,M04,2012 Apr,226.782,226.077,0.414,0.183
CUURS23ASAF1,2012,M06,2012 Jun,228.482,227.909,1.833,0.811
CUURS23ASAF1,2012,M08,2012 Aug,227.851,228.221,0.312,0.137
CUURS23ASAF1,2012,M10,2012 Oct,227.677,227.534,-0.687,-0.301
CUURS23ASAF1,2012,M12,2012 Dec,229.968,229.470,1.936,0.851
CUURS23ASAF1,2013,M02,2013 Feb,229.350,230.255,0.785,0.342
CUURS23ASAF1,2013,M04,2013 Apr,227.903,228.953,-1.302,-0.565
CUURS23ASAF1,2013,M06,2013 Jun,229.274,228.523,-0.431,-0.188
CUURS23ASAF1,2013,M08,2013 Aug,229.329,229.113,0.590,0.258
CUURS23ASAF1,2013,M10,2013 Oct,229.068,228.473,-0.640,-0.279
CUURS23ASAF1,2013,M12,2013 Dec,228.713,228.732,0.259,0.113
CUURS23ASAF1,2014,M02,2014 Feb,233.022,231.771,3.039,1.329
CUURS23ASAF1,2014,M04,2014 Apr,234.463,234.121,2.351,1.014
CUURS23ASAF1,2014,M06,2014 Jun,235.841,235.922,1.801,0.769
CUURS23ASAF1,2014,M08,2014 Aug,236.640,236.188,0.266,0.113
CUURS23ASAF1,2014,M10,2014 Oct,239.050,238.558,2.370,1.003
CUURS23ASAF1,2014,M12,2014 Dec,239.290,239.382,0.824,0.345
CUURS23ASAF1,2015,M02,2015 Feb,238.529,239.106,-0.276,-0.115
CUURS23ASAF1,2015,M04,2015 Apr,240.620,239.929,0.823,0.344
CUURS23ASAF1,2015,M06,2015 Jun,240.348,240.086,0.157,0.065
CUURS23ASAF1,2015,M08,2015 Aug,242.809,241.978,1.893,0.788
CUURS23ASAF1,2015,M10,2015 Oct,243.974,243.506,1.528,0.631
CUURS23ASAF1,2015,M12,2015 Dec,243.108,242.896,-0.610,-0.250
CUURS23ASAF1,2016,M02,2016 Feb,243.490,244.444,1.548,0.637
CUURS23ASAF1,2016,M04,2016 Apr,243.985,242.564,-1.880,-0.769
CUURS23ASAF1,2016,M06,2016 Jun,241.914,242.340,-0.224,-0.092
CUURS23ASAF1,2016,M08,2016 Aug,242.266,241.707,-0.633,-0.261
CUURS23ASAF1,2016,M10,2016 Oct,243.409,242.427,0.720,0.298
CUURS23ASAF1,2016,M12,2016 Dec,242.580,243.023,0.597,0.246
CUURS23ASAF1,2017,M02,2017 Feb,242.088,242.103,-0.921,-0.379
CUURS23ASAF1,2017,M04,2017 Apr,241.723,242.283,0.180,0.074
CUURS23ASAF1,2017,M06,2017 Jun,243.753,243.803,1.520,0.627
CUURS23ASAF1,2017,M08,2017 Aug,244.996,244.032,0.230,0.094
CUURS23ASAF1,2017,M10,2017 Oct,245.128,244.886,0.854,0.350
CUURS23ASAF1,2017,M12,2017 Dec,244.423,244.270,-0.616,-0.252
CUURS23ASAF1,2018,M02,2018 Feb,246.868,246.030,1.760,0.720
CUURS23ASAF1,2018,M04,2018 Apr,246.231,245.782,-0.248,-0.101
CUURS23ASAF1,2018,M06,2018 Jun,247.656,247.003,1.221,0.497
CUURS23ASAF1,2018,M08,2018 Aug,246.923,247.424,0.422,0.171
CUURS23ASAF1,2018,M10,2018 Oct,249.421,249.539,2.115,0.855
CUURS23ASAF1,2018,M12,2018 Dec,248.944,248.752,-0.787,-0.315
CUURS23ASAF1,2019,M02,2019 Feb,252.424,251.835,3.083,1.239
CUURS23ASAF1,2019,M04,2019 Apr,250.419,250.310,-1.525,-0.606
CUURS23ASAF1,2019,M06,2019 Jun,252.500,252.339,2.029,0.810
CUURS23ASAF1,2019,M08,2019 Aug,253.148,252.334,-0.005,-0.002
CUURS23ASAF1,2019,M10,2019 Oct,254.228,254.239,1.905,0.755
CUURS23ASAF1,2019,M12,2019 Dec,252.756,253.077,-1.162,-0.457
CUURS23ASAF1,2020,M02,2020 Feb,255.290,254.913,1.836,0.725
CUURS23ASAF1,2020,M04,2020 Apr,260.803,258.564,3.651,1.432
CUURS23ASAF1,2020,M06,2020 Jun,261.520,262.222,3.658,1.415
CUURS23ASAF1,2020,M08,2020 Aug,259.872,260.737,-1.486,-0.567
CUURS23ASAF1,2020,M10,2020 Oct,267.191,266.061,5.325,2.042
CUURS23ASAF1,2020,M12,2020 Dec,265.459,265.666,-0.396,-0.149
CUURS23ASAF1,2021,M02,2021 Feb,269.334,268.647,2.982,1.122
CUURS23ASAF1,2021,M04,2021 Apr,269.946,269.479,0.832,0.310
CUURS23ASAF1,2021,M06,2021 Jun,274.439,273.150,3.671,1.362
CUURS23ASAF1,2021,M08,2021 Aug,277.419,275.928,2.779,1.017
CUURS23ASAF1,2021,M10,2021 Oct,281.868,281.504,5.576,2.021
CUURS23ASAF1,2021,M12,2021 Dec,285.170,284.665,3.161,1.123
CUURS23ASAF1,2022,M02,2022 Feb,290.235,289.793,5.128,1.801
CUURS23ASAF1,2022,M04,2022 Apr,298.418,296.412,6.619,2.284
CUURS23ASAF1,2022,M06,2022 Jun,305.148,303.302,6.890,2.324
CUURS23ASAF1,2022,M08,2022 Aug,306.927,305.832,2.531,0.834
CUURS23ASAF1,2022,M10,2022 Oct,307.947,307.962,2.130,0.696
CUURS23ASAF1,2022,M12,2022 Dec,307.177,308.606,0.644,0.209