Series ID,Year,Period,Label,Value,Change in Index,Inflation_Rate
CUURS11ASAF1,1980,M01,1980 Jan,86.5,0,0
CUURS11ASAF1,1980,M03,1980 Mar,87.6,-1.1,-1.3
CUURS11ASAF1,1980,M05,1980 May,87.8,-0.2,-0.2
CUURS11ASAF1,1980,M07,1980 Jul,89.9,-2.1,-2.4
CUURS11ASAF1,1980,M09,1980 Sep,90.5,-0.6,-0.7
CUURS11ASAF1,1980,M11,1980 Nov,92.0,-1.5,-1.7
CUURS11ASAF1,1981,M01,1981 Jan,95.0,-3.0,-3.3
CUURS11ASAF1,1981,M03,1981 Mar,95.1,-0.1,-0.1
CUURS11ASAF1,1981,M05,1981 May,94.6,0.5,0.5
CUURS11ASAF1,1981,M07,1981 Jul,94.8,-0.2,-0.2
CUURS11ASAF1,1981,M09,1981 Sep,94.0,0.8,0.8
CUURS11ASAF1,1981,M11,1981 Nov,94.2,-0.2,-0.2
CUURS11ASAF1,1982,M01,1982 Jan,96.2,-2.0,-2.1
CUURS11ASAF1,1982,M03,1982 Mar,95.9,0.3,0.3
CUURS11ASAF1,1982,M05,1982 May,96.6,-0.7,-0.7
CUURS11ASAF1,1982,M07,1982 Jul,97.4,-0.8,-0.8
CUURS11ASAF1,1982,M09,1982 Sep,97.1,0.3,0.3
CUURS11ASAF1,1982,M11,1982 Nov,96.9,0.2,0.2
CUURS11ASAF1,1983,M01,1983 Jan,97.4,-0.5,-0.5
CUURS11ASAF1,1983,M03,1983 Mar,98.9,-1.5,-1.5
CUURS11ASAF1,1983,M05,1983 May,98.4,0.5,0.5
CUURS11ASAF1,1983,M07,1983 Jul,99.4,-1.0,-1.0
CUURS11ASAF1,1983,M09,1983 Sep,99.1,0.3,0.3
CUURS11ASAF1,1983,M11,1983 Nov,99.8,-0.7,-0.7
CUURS11ASAF1,1984,M01,1984 Jan,102.2,-2.4,-2.4
CUURS11ASAF1,1984,M03,1984 Mar,103.9,-1.7,-1.7
CUURS11ASAF1,1984,M05,1984 May,104.0,-0.1,-0.1
CUURS11ASAF1,1984,M07,1984 Jul,104.5,-0.5,-0.5
CUURS11ASAF1,1984,M09,1984 Sep,105.0,-0.5,-0.5
CUURS11ASAF1,1984,M11,1984 Nov,104.9,0.1,0.1
CUURS11ASAF1,1985,M01,1985 Jan,106.7,-1.8,-1.7
CUURS11ASAF1,1985,M03,1985 Mar,107.7,-1.0,-0.9
CUURS11ASAF1,1985,M05,1985 May,107.8,-0.1,-0.1
CUURS11ASAF1,1985,M07,1985 Jul,109.2,-1.4,-1.3
CUURS11ASAF1,1985,M09,1985 Sep,109.0,0.2,0.2
CUURS11ASAF1,1985,M11,1985 Nov,109.7,-0.7,-0.6
CUURS11ASAF1,1986,M01,1986 Jan,111.5,-1.8,-1.6
CUURS11ASAF1,1986,M03,1986 Mar,110.4,1.1,1.0
CUURS11ASAF1,1986,M05,1986 May,112.0,-1.6,-1.4
CUURS11ASAF1,1986,M07,1986 Jul,114.0,-2.0,-1.8
CUURS11ASAF1,1986,M09,1986 Sep,116.2,-2.2,-1.9
CUURS11ASAF1,1986,M11,1986 Nov,115.2,1.0,0.9
CUURS11ASAF1,1987,M01,1987 Jan,119.1,-3.9,-3.4
CUURS11ASAF1,1987,M03,1987 Mar,118.1,1.0,0.8
CUURS11ASAF1,1987,M05,1987 May,118.8,-0.7,-0.6
CUURS11ASAF1,1987,M07,1987 Jul,119.1,-0.3,-0.3
CUURS11ASAF1,1987,M09,1987 Sep,120.0,-0.9,-0.8
CUURS11ASAF1,1987,M11,1987 Nov,119.4,0.6,0.5
CUURS11ASAF1,1988,M01,1988 Jan,121.6,-2.2,-1.8
CUURS11ASAF1,1988,M03,1988 Mar,120.3,1.3,1.1
CUURS11ASAF1,1988,M05,1988 May,123.2,-2.9,-2.4
CUURS11ASAF1,1988,M07,1988 Jul,124.7,-1.5,-1.2
CUURS11ASAF1,1988,M09,1988 Sep,127.3,-2.6,-2.1
CUURS11ASAF1,1988,M11,1988 Nov,126.3,1.0,0.8
CUURS11ASAF1,1989,M01,1989 Jan,128.2,-1.9,-1.5
CUURS11ASAF1,1989,M03,1989 Mar,130.4,-2.2,-1.7
CUURS11ASAF1,1989,M05,1989 May,131.8,-1.4,-1.1
CUURS11ASAF1,1989,M07,1989 Jul,133.8,-2.0,-1.5
CUURS11ASAF1,1989,M09,1989 Sep,134.1,-0.3,-0.2
CUURS11ASAF1,1989,M11,1989 Nov,134.1,0.0,0.0
CUURS11ASAF1,1990,M01,1990 Jan,137.4,-3.3,-2.5
CUURS11ASAF1,1990,M03,1990 Mar,138.6,-1.2,-0.9
CUURS11ASAF1,1990,M05,1990 May,138.3,0.3,0.2
CUURS11ASAF1,1990,M07,1990 Jul,138.5,-0.2,-0.1
CUURS11ASAF1,1990,M09,1990 Sep,139.7,-1.2,-0.9
CUURS11ASAF1,1990,M11,1990 Nov,140.6,-0.9,-0.6
CUURS11ASAF1,1991,M01,1991 Jan,142.1,-1.5,-1.1
CUURS11ASAF1,1991,M03,1991 Mar,140.9,1.2,0.8
CUURS11ASAF1,1991,M05,1991 May,143.0,-2.1,-1.5
CUURS11ASAF1,1991,M07,1991 Jul,142.4,0.6,0.4
CUURS11ASAF1,1991,M09,1991 Sep,141.2,1.2,0.8
CUURS11ASAF1,1991,M11,1991 Nov,142.3,-1.1,-0.8
CUURS11ASAF1,1992,M01,1992 Jan,142.8,-0.5,-0.4
CUURS11ASAF1,1992,M03,1992 Mar,143.0,-0.2,-0.1
CUURS11ASAF1,1992,M05,1992 May,141.8,1.2,0.8
CUURS11ASAF1,1992,M07,1992 Jul,142.4,-0.6,-0.4
CUURS11ASAF1,1992,M09,1992 Sep,142.6,-0.2,-0.1
CUURS11ASAF1,1992,M11,1992 Nov,142.9,-0.3,-0.2
CUURS11ASAF1,1993,M01,1993 Jan,145.2,-2.3,-1.6
CUURS11ASAF1,1993,M03,1993 Mar,145.2,0.0,0.0
CUURS11ASAF1,1993,M05,1993 May,146.2,-1.0,-0.7
CUURS11ASAF1,1993,M07,1993 Jul,146.5,-0.3,-0.2
CUURS11ASAF1,1993,M09,1993 Sep,146.4,0.1,0.1
CUURS11ASAF1,1993,M11,1993 Nov,147.0,-0.6,-0.4
CUURS11ASAF1,1994,M01,1994 Jan,148.0,-1.0,-0.7
CUURS11ASAF1,1994,M03,1994 Mar,149.4,-1.4,-0.9
CUURS11ASAF1,1994,M05,1994 May,148.4,1.0,0.7
CUURS11ASAF1,1994,M07,1994 Jul,149.8,-1.4,-0.9
CUURS11ASAF1,1994,M09,1994 Sep,151.1,-1.3,-0.9
CUURS11ASAF1,1994,M11,1994 Nov,150.4,0.7,0.5
CUURS11ASAF1,1995,M01,1995 Jan,155.4,-5.0,-3.3
CUURS11ASAF1,1995,M03,1995 Mar,152.9,2.5,1.6
CUURS11ASAF1,1995,M05,1995 May,153.7,-0.8,-0.5
CUURS11ASAF1,1995,M07,1995 Jul,152.2,1.5,1.0
CUURS11ASAF1,1995,M09,1995 Sep,153.1,-0.9,-0.6
CUURS11ASAF1,1995,M11,1995 Nov,153.5,-0.4,-0.3
CUURS11ASAF1,1996,M01,1996 Jan,155.8,-2.3,-1.5
CUURS11ASAF1,1996,M03,1996 Mar,157.5,-1.7,-1.1
CUURS11ASAF1,1996,M05,1996 May,156.7,0.8,0.5
CUURS11ASAF1,1996,M07,1996 Jul,157.2,-0.5,-0.3
CUURS11ASAF1,1996,M09,1996 Sep,158.1,-0.9,-0.6
CUURS11ASAF1,1996,M11,1996 Nov,159.1,-1.0,-0.6
CUURS11ASAF1,1997,M01,1997 Jan,159.1,0.0,0.0
CUURS11ASAF1,1997,M03,1997 Mar,160.0,-0.9,-0.6
CUURS11ASAF1,1997,M05,1997 May,159.7,0.3,0.2
CUURS11ASAF1,1997,M07,1997 Jul,160.4,-0.7,-0.4
CUURS11ASAF1,1997,M09,1997 Sep,161.1,-0.7,-0.4
CUURS11ASAF1,1997,M11,1997 Nov,161.7,-0.6,-0.4
CUURS11ASAF1,1998,M01,1998 Jan,165.1,-3.4,-2.1
CUURS11ASAF1,1998,M03,1998 Mar,164.2,0.9,0.5
CUURS11ASAF1,1998,M05,1998 May,165.4,-1.2,-0.7
CUURS11ASAF1,1998,M07,1998 Jul,166.3,-0.9,-0.5
CUURS11ASAF1,1998,M09,1998 Sep,166.6,-0.3,-0.2
CUURS11ASAF1,1998,M11,1998 Nov,169.2,-2.6,-1.6
CUURS11ASAF1,1999,M01,1999 Jan,169.9,-0.7,-0.4
CUURS11ASAF1,1999,M03,1999 Mar,169.1,0.8,0.5
CUURS11ASAF1,1999,M05,1999 May,170.6,-1.5,-0.9
CUURS11ASAF1,1999,M07,1999 Jul,171.6,-1.0,-0.6
CUURS11ASAF1,1999,M09,1999 Sep,170.8,0.8,0.5
CUURS11ASAF1,1999,M11,1999 Nov,172.9,-2.1,-1.2
CUURS11ASAF1,2000,M01,2000 Jan,173.6,-0.7,-0.4
CUURS11ASAF1,2000,M03,2000 Mar,172.5,1.1,0.6
CUURS11ASAF1,2000,M05,2000 May,174.0,-1.5,-0.9
CUURS11ASAF1,2000,M07,2000 Jul,175.8,-1.8,-1.0
CUURS11ASAF1,2000,M09,2000 Sep,176.6,-0.8,-0.5
CUURS11ASAF1,2000,M11,2000 Nov,177.8,-1.2,-0.7
CUURS11ASAF1,2001,M01,2001 Jan,179.2,-1.4,-0.8
CUURS11ASAF1,2001,M03,2001 Mar,180.1,-0.9,-0.5
CUURS11ASAF1,2001,M05,2001 May,180.3,-0.2,-0.1
CUURS11ASAF1,2001,M07,2001 Jul,184.2,-3.9,-2.2
CUURS11ASAF1,2001,M09,2001 Sep,183.9,0.3,0.2
CUURS11ASAF1,2001,M11,2001 Nov,185.5,-1.6,-0.9
CUURS11ASAF1,2002,M01,2002 Jan,187.6,-2.1,-1.1
CUURS11ASAF1,2002,M03,2002 Mar,185.1,2.5,1.3
CUURS11ASAF1,2002,M05,2002 May,184.2,0.9,0.5
CUURS11ASAF1,2002,M07,2002 Jul,184.4,-0.2,-0.1
CUURS11ASAF1,2002,M09,2002 Sep,186.0,-1.6,-0.9
CUURS11ASAF1,2002,M11,2002 Nov,185.6,0.4,0.2
CUURS11ASAF1,2003,M01,2003 Jan,187.5,-1.9,-1.0
CUURS11ASAF1,2003,M03,2003 Mar,186.9,0.6,0.3
CUURS11ASAF1,2003,M05,2003 May,189.3,-2.4,-1.3
CUURS11ASAF1,2003,M07,2003 Jul,188.2,1.1,0.6
CUURS11ASAF1,2003,M09,2003 Sep,191.5,-3.3,-1.8
CUURS11ASAF1,2003,M11,2003 Nov,191.6,-0.1,-0.1
CUURS11ASAF1,2004,M01,2004 Jan,193.4,-1.8,-0.9
CUURS11ASAF1,2004,M03,2004 Mar,192.5,0.9,0.5
CUURS11ASAF1,2004,M05,2004 May,195.3,-2.8,-1.5
CUURS11ASAF1,2004,M07,2004 Jul,195.9,-0.6,-0.3
CUURS11ASAF1,2004,M09,2004 Sep,196.8,-0.9,-0.5
CUURS11ASAF1,2004,M11,2004 Nov,198.8,-2.0,-1.0
CUURS11ASAF1,2005,M01,2005 Jan,200.3,-1.5,-0.8
CUURS11ASAF1,2005,M03,2005 Mar,200.0,0.3,0.1
CUURS11ASAF1,2005,M05,2005 May,201.4,-1.4,-0.7
CUURS11ASAF1,2005,M07,2005 Jul,200.0,1.4,0.7
CUURS11ASAF1,2005,M09,2005 Sep,201.3,-1.3,-0.7
CUURS11ASAF1,2005,M11,2005 Nov,200.9,0.4,0.2
CUURS11ASAF1,2006,M01,2006 Jan,204.3,-3.4,-1.7
CUURS11ASAF1,2006,M03,2006 Mar,204.3,0.0,0.0
CUURS11ASAF1,2006,M05,2006 May,205.6,-1.3,-0.6
CUURS11ASAF1,2006,M07,2006 Jul,207.8,-2.2,-1.1
CUURS11ASAF1,2006,M09,2006 Sep,208.8,-1.0,-0.5
CUURS11ASAF1,2006,M11,2006 Nov,207.7,1.1,0.5
CUURS11ASAF1,2007,M01,2007 Jan,210.122,-2.422,-1.16610495907559
CUURS11ASAF1,2007,M03,2007 Mar,212.427,-2.305,-1.097
CUURS11ASAF1,2007,M05,2007 May,213.222,-0.795,-0.374
CUURS11ASAF1,2007,M07,2007 Jul,214.469,-1.247,-0.585
CUURS11ASAF1,2007,M09,2007 Sep,215.500,-1.031,-0.481
CUURS11ASAF1,2007,M11,2007 Nov,216.030,-0.530,-0.246
CUURS11ASAF1,2008,M01,2008 Jan,217.982,-1.952,-0.904
CUURS11ASAF1,2008,M03,2008 Mar,218.727,-0.745,-0.342
CUURS11ASAF1,2008,M05,2008 May,221.678,-2.951,-1.349
CUURS11ASAF1,2008,M07,2008 Jul,224.933,-3.255,-1.468
CUURS11ASAF1,2008,M09,2008 Sep,228.922,-3.989,-1.773
CUURS11ASAF1,2008,M11,2008 Nov,230.774,-1.852,-0.809
CUURS11ASAF1,2009,M01,2009 Jan,230.684,0.090,0.039
CUURS11ASAF1,2009,M03,2009 Mar,229.432,1.252,0.543
CUURS11ASAF1,2009,M05,2009 May,228.869,0.563,0.245
CUURS11ASAF1,2009,M07,2009 Jul,227.826,1.043,0.456
CUURS11ASAF1,2009,M09,2009 Sep,230.075,-2.249,-0.987
CUURS11ASAF1,2009,M11,2009 Nov,229.940,0.135,0.059
CUURS11ASAF1,2010,M01,2010 Jan,232.671,-2.731,-1.188
CUURS11ASAF1,2010,M03,2010 Mar,231.694,0.977,0.420
CUURS11ASAF1,2010,M05,2010 May,232.368,-0.674,-0.291
CUURS11ASAF1,2010,M07,2010 Jul,231.121,1.247,0.537
CUURS11ASAF1,2010,M09,2010 Sep,232.211,-1.090,-0.472
CUURS11ASAF1,2010,M11,2010 Nov,231.976,0.235,0.101
CUURS11ASAF1,2011,M01,2011 Jan,234.880,-2.904,-1.252
CUURS11ASAF1,2011,M03,2011 Mar,235.880,-1.000,-0.426
CUURS11ASAF1,2011,M05,2011 May,238.545,-2.665,-1.130
CUURS11ASAF1,2011,M07,2011 Jul,240.790,-2.245,-0.941
CUURS11ASAF1,2011,M09,2011 Sep,242.534,-1.744,-0.724
CUURS11ASAF1,2011,M11,2011 Nov,242.982,-0.448,-0.185
CUURS11ASAF1,2012,M01,2012 Jan,245.150,-2.168,-0.892
CUURS11ASAF1,2012,M03,2012 Mar,243.008,2.142,0.874
CUURS11ASAF1,2012,M05,2012 May,245.001,-1.993,-0.820
CUURS11ASAF1,2012,M07,2012 Jul,246.156,-1.155,-0.471
CUURS11ASAF1,2012,M09,2012 Sep,246.994,-0.838,-0.340
CUURS11ASAF1,2012,M11,2012 Nov,245.599,1.395,0.565
CUURS11ASAF1,2013,M01,2013 Jan,247.857,-2.258,-0.919
CUURS11ASAF1,2013,M03,2013 Mar,247.025,0.832,0.336
CUURS11ASAF1,2013,M05,2013 May,249.347,-2.322,-0.940
CUURS11ASAF1,2013,M07,2013 Jul,249.505,-0.158,-0.063
CUURS11ASAF1,2013,M09,2013 Sep,248.030,1.475,0.591
CUURS11ASAF1,2013,M11,2013 Nov,247.762,0.268,0.108
CUURS11ASAF1,2014,M01,2014 Jan,250.557,-2.795,-1.128
CUURS11ASAF1,2014,M03,2014 Mar,249.974,0.583,0.233
CUURS11ASAF1,2014,M05,2014 May,250.742,-0.768,-0.307
CUURS11ASAF1,2014,M07,2014 Jul,250.544,0.198,0.079
CUURS11ASAF1,2014,M09,2014 Sep,251.716,-1.172,-0.468
CUURS11ASAF1,2014,M11,2014 Nov,252.201,-0.485,-0.193
CUURS11ASAF1,2015,M01,2015 Jan,254.776,-2.575,-1.021
CUURS11ASAF1,2015,M03,2015 Mar,254.813,-0.037,-0.015
CUURS11ASAF1,2015,M05,2015 May,254.940,-0.127,-0.050
CUURS11ASAF1,2015,M07,2015 Jul,256.546,-1.606,-0.630
CUURS11ASAF1,2015,M09,2015 Sep,257.173,-0.627,-0.244
CUURS11ASAF1,2015,M11,2015 Nov,257.242,-0.069,-0.027
CUURS11ASAF1,2016,M01,2016 Jan,260.627,-3.385,-1.316
CUURS11ASAF1,2016,M03,2016 Mar,259.861,0.766,0.294
CUURS11ASAF1,2016,M05,2016 May,257.943,1.918,0.738
CUURS11ASAF1,2016,M07,2016 Jul,258.955,-1.012,-0.392
CUURS11ASAF1,2016,M09,2016 Sep,258.795,0.160,0.062
CUURS11ASAF1,2016,M11,2016 Nov,258.588,0.207,0.080
CUURS11ASAF1,2017,M01,2017 Jan,260.190,-1.602,-0.620
CUURS11ASAF1,2017,M03,2017 Mar,258.746,1.444,0.555
CUURS11ASAF1,2017,M05,2017 May,260.444,-1.698,-0.656
CUURS11ASAF1,2017,M07,2017 Jul,262.963,-2.519,-0.967
CUURS11ASAF1,2017,M09,2017 Sep,262.306,0.657,0.250
CUURS11ASAF1,2017,M11,2017 Nov,261.898,0.408,0.156
CUURS11ASAF1,2018,M01,2018 Jan,264.084,-2.186,-0.835
CUURS11ASAF1,2018,M03,2018 Mar,265.233,-1.149,-0.435
CUURS11ASAF1,2018,M05,2018 May,264.892,0.341,0.129
CUURS11ASAF1,2018,M07,2018 Jul,266.755,-1.863,-0.703
CUURS11ASAF1,2018,M09,2018 Sep,269.284,-2.529,-0.948
CUURS11ASAF1,2018,M11,2018 Nov,266.382,2.902,1.078
CUURS11ASAF1,2019,M01,2019 Jan,269.169,-2.787,-1.046
CUURS11ASAF1,2019,M03,2019 Mar,272.174,-3.005,-1.116
CUURS11ASAF1,2019,M05,2019 May,269.182,2.992,1.099
CUURS11ASAF1,2019,M07,2019 Jul,268.511,0.671,0.249
CUURS11ASAF1,2019,M09,2019 Sep,266.716,1.795,0.669
CUURS11ASAF1,2019,M11,2019 Nov,269.785,-3.069,-1.151
CUURS11ASAF1,2020,M01,2020 Jan,273.800,-4.015,-1.488
CUURS11ASAF1,2020,M03,2020 Mar,278.502,-4.702,-1.717
CUURS11ASAF1,2020,M05,2020 May,288.185,-9.683,-3.477
CUURS11ASAF1,2020,M07,2020 Jul,288.878,-0.693,-0.240
CUURS11ASAF1,2020,M09,2020 Sep,285.154,3.724,1.289
CUURS11ASAF1,2020,M11,2020 Nov,283.592,1.562,0.548
CUURS11ASAF1,2021,M01,2021 Jan,286.856,-3.264,-1.151
CUURS11ASAF1,2021,M03,2021 Mar,288.899,-2.043,-0.712
CUURS11ASAF1,2021,M05,2021 May,291.594,-2.695,-0.933
CUURS11ASAF1,2021,M07,2021 Jul,294.819,-3.225,-1.106
CUURS11ASAF1,2021,M09,2021 Sep,295.902,-1.083,-0.367
CUURS11ASAF1,2021,M11,2021 Nov,299.367,-3.465,-1.171
CUURS11ASAF1,2022,M01,2022 Jan,304.158,-4.791,-1.600
CUURS11ASAF1,2022,M03,2022 Mar,309.522,-5.364,-1.764
CUURS11ASAF1,2022,M05,2022 May,316.898,-7.376,-2.383
CUURS11ASAF1,2022,M07,2022 Jul,325.185,-8.287,-2.615
CUURS11ASAF1,2022,M09,2022 Sep,331.888,-6.703,-2.061
CUURS11ASAF1,2022,M11,2022 Nov,331.681,0.207,0.062