Series ID,Year,Period,Label,Value,Change in Index,Inflation_Rate
CUURS11ASA0,1980,M01,1980 Jan,78.2,0,0
CUURS11ASA0,1980,M03,1980 Mar,80.6,-2.4,-3.1
CUURS11ASA0,1980,M05,1980 May,81.5,-0.9,-1.1
CUURS11ASA0,1980,M07,1980 Jul,82.9,-1.4,-1.7
CUURS11ASA0,1980,M09,1980 Sep,84.1,-1.2,-1.4
CUURS11ASA0,1980,M11,1980 Nov,85.6,-1.5,-1.8
CUURS11ASA0,1981,M01,1981 Jan,88.2,-2.6,-3.0
CUURS11ASA0,1981,M03,1981 Mar,90.2,-2.0,-2.3
CUURS11ASA0,1981,M05,1981 May,90.7,-0.5,-0.6
CUURS11ASA0,1981,M07,1981 Jul,91.6,-0.9,-1.0
CUURS11ASA0,1981,M09,1981 Sep,93.9,-2.3,-2.5
CUURS11ASA0,1981,M11,1981 Nov,94.3,-0.4,-0.4
CUURS11ASA0,1982,M01,1982 Jan,94.3,0.0,0.0
CUURS11ASA0,1982,M03,1982 Mar,92.8,1.5,1.6
CUURS11ASA0,1982,M05,1982 May,93.8,-1.0,-1.1
CUURS11ASA0,1982,M07,1982 Jul,96.1,-2.3,-2.5
CUURS11ASA0,1982,M09,1982 Sep,97.3,-1.2,-1.2
CUURS11ASA0,1982,M11,1982 Nov,98.1,-0.8,-0.8
CUURS11ASA0,1983,M01,1983 Jan,98.7,-0.6,-0.6
CUURS11ASA0,1983,M03,1983 Mar,98.6,0.1,0.1
CUURS11ASA0,1983,M05,1983 May,99.1,-0.5,-0.5
CUURS11ASA0,1983,M07,1983 Jul,99.7,-0.6,-0.6
CUURS11ASA0,1983,M09,1983 Sep,100.2,-0.5,-0.5
CUURS11ASA0,1983,M11,1983 Nov,101.4,-1.2,-1.2
CUURS11ASA0,1984,M01,1984 Jan,102.3,-0.9,-0.9
CUURS11ASA0,1984,M03,1984 Mar,103.9,-1.6,-1.6
CUURS11ASA0,1984,M05,1984 May,104.3,-0.4,-0.4
CUURS11ASA0,1984,M07,1984 Jul,104.9,-0.6,-0.6
CUURS11ASA0,1984,M09,1984 Sep,105.8,-0.9,-0.9
CUURS11ASA0,1984,M11,1984 Nov,105.9,-0.1,-0.1
CUURS11ASA0,1985,M01,1985 Jan,106.5,-0.6,-0.6
CUURS11ASA0,1985,M03,1985 Mar,108.2,-1.7,-1.6
CUURS11ASA0,1985,M05,1985 May,108.4,-0.2,-0.2
CUURS11ASA0,1985,M07,1985 Jul,109.3,-0.9,-0.8
CUURS11ASA0,1985,M09,1985 Sep,110.5,-1.2,-1.1
CUURS11ASA0,1985,M11,1985 Nov,112.0,-1.5,-1.4
CUURS11ASA0,1986,M01,1986 Jan,112.5,-0.5,-0.4
CUURS11ASA0,1986,M03,1986 Mar,111.8,0.7,0.6
CUURS11ASA0,1986,M05,1986 May,111.0,0.8,0.7
CUURS11ASA0,1986,M07,1986 Jul,111.3,-0.3,-0.3
CUURS11ASA0,1986,M09,1986 Sep,112.9,-1.6,-1.4
CUURS11ASA0,1986,M11,1986 Nov,113.3,-0.4,-0.4
CUURS11ASA0,1987,M01,1987 Jan,114.6,-1.3,-1.1
CUURS11ASA0,1987,M03,1987 Mar,115.9,-1.3,-1.1
CUURS11ASA0,1987,M05,1987 May,115.3,0.6,0.5
CUURS11ASA0,1987,M07,1987 Jul,116.3,-1.0,-0.9
CUURS11ASA0,1987,M09,1987 Sep,119.5,-3.2,-2.8
CUURS11ASA0,1987,M11,1987 Nov,119.9,-0.4,-0.3
CUURS11ASA0,1988,M01,1988 Jan,120.1,-0.2,-0.2
CUURS11ASA0,1988,M03,1988 Mar,122.1,-2.0,-1.7
CUURS11ASA0,1988,M05,1988 May,123.1,-1.0,-0.8
CUURS11ASA0,1988,M07,1988 Jul,123.8,-0.7,-0.6
CUURS11ASA0,1988,M09,1988 Sep,126.2,-2.4,-1.9
CUURS11ASA0,1988,M11,1988 Nov,127.4,-1.2,-1.0
CUURS11ASA0,1989,M01,1989 Jan,129.0,-1.6,-1.3
CUURS11ASA0,1989,M03,1989 Mar,129.7,-0.7,-0.5
CUURS11ASA0,1989,M05,1989 May,130.5,-0.8,-0.6
CUURS11ASA0,1989,M07,1989 Jul,130.3,0.2,0.2
CUURS11ASA0,1989,M09,1989 Sep,132.2,-1.9,-1.5
CUURS11ASA0,1989,M11,1989 Nov,134.3,-2.1,-1.6
CUURS11ASA0,1990,M01,1990 Jan,136.0,-1.7,-1.3
CUURS11ASA0,1990,M03,1990 Mar,136.3,-0.3,-0.2
CUURS11ASA0,1990,M05,1990 May,136.6,-0.3,-0.2
CUURS11ASA0,1990,M07,1990 Jul,137.6,-1.0,-0.7
CUURS11ASA0,1990,M09,1990 Sep,141.3,-3.7,-2.7
CUURS11ASA0,1990,M11,1990 Nov,143.7,-2.4,-1.7
CUURS11ASA0,1991,M01,1991 Jan,143.8,-0.1,-0.1
CUURS11ASA0,1991,M03,1991 Mar,143.9,-0.1,-0.1
CUURS11ASA0,1991,M05,1991 May,143.5,0.4,0.3
CUURS11ASA0,1991,M07,1991 Jul,145.1,-1.6,-1.1
CUURS11ASA0,1991,M09,1991 Sep,146.3,-1.2,-0.8
CUURS11ASA0,1991,M11,1991 Nov,146.6,-0.3,-0.2
CUURS11ASA0,1992,M01,1992 Jan,146.3,0.3,0.2
CUURS11ASA0,1992,M03,1992 Mar,147.9,-1.6,-1.1
CUURS11ASA0,1992,M05,1992 May,147.5,0.4,0.3
CUURS11ASA0,1992,M07,1992 Jul,148.9,-1.4,-0.9
CUURS11ASA0,1992,M09,1992 Sep,149.4,-0.5,-0.3
CUURS11ASA0,1992,M11,1992 Nov,150.4,-1.0,-0.7
CUURS11ASA0,1993,M01,1993 Jan,151.9,-1.5,-1.0
CUURS11ASA0,1993,M03,1993 Mar,154.1,-2.2,-1.4
CUURS11ASA0,1993,M05,1993 May,151.9,2.2,1.4
CUURS11ASA0,1993,M07,1993 Jul,152.5,-0.6,-0.4
CUURS11ASA0,1993,M09,1993 Sep,152.0,0.5,0.3
CUURS11ASA0,1993,M11,1993 Nov,154.5,-2.5,-1.6
CUURS11ASA0,1994,M01,1994 Jan,153.6,0.9,0.6
CUURS11ASA0,1994,M03,1994 Mar,155.0,-1.4,-0.9
CUURS11ASA0,1994,M05,1994 May,153.6,1.4,0.9
CUURS11ASA0,1994,M07,1994 Jul,153.9,-0.3,-0.2
CUURS11ASA0,1994,M09,1994 Sep,155.7,-1.8,-1.2
CUURS11ASA0,1994,M11,1994 Nov,156.7,-1.0,-0.6
CUURS11ASA0,1995,M01,1995 Jan,158.0,-1.3,-0.8
CUURS11ASA0,1995,M03,1995 Mar,158.4,-0.4,-0.3
CUURS11ASA0,1995,M05,1995 May,157.7,0.7,0.4
CUURS11ASA0,1995,M07,1995 Jul,157.8,-0.1,-0.1
CUURS11ASA0,1995,M09,1995 Sep,158.6,-0.8,-0.5
CUURS11ASA0,1995,M11,1995 Nov,160.3,-1.7,-1.1
CUURS11ASA0,1996,M01,1996 Jan,162.2,-1.9,-1.2
CUURS11ASA0,1996,M03,1996 Mar,162.8,-0.6,-0.4
CUURS11ASA0,1996,M05,1996 May,161.8,1.0,0.6
CUURS11ASA0,1996,M07,1996 Jul,162.0,-0.2,-0.1
CUURS11ASA0,1996,M09,1996 Sep,163.5,-1.5,-0.9
CUURS11ASA0,1996,M11,1996 Nov,166.3,-2.8,-1.7
CUURS11ASA0,1997,M01,1997 Jan,167.7,-1.4,-0.8
CUURS11ASA0,1997,M03,1997 Mar,168.1,-0.4,-0.2
CUURS11ASA0,1997,M05,1997 May,166.7,1.4,0.8
CUURS11ASA0,1997,M07,1997 Jul,167.1,-0.4,-0.2
CUURS11ASA0,1997,M09,1997 Sep,167.8,-0.7,-0.4
CUURS11ASA0,1997,M11,1997 Nov,169.4,-1.6,-1.0
CUURS11ASA0,1998,M01,1998 Jan,171.2,-1.8,-1.1
CUURS11ASA0,1998,M03,1998 Mar,171.3,-0.1,-0.1
CUURS11ASA0,1998,M05,1998 May,170.9,0.4,0.2
CUURS11ASA0,1998,M07,1998 Jul,170.7,0.2,0.1
CUURS11ASA0,1998,M09,1998 Sep,172.1,-1.4,-0.8
CUURS11ASA0,1998,M11,1998 Nov,173.3,-1.2,-0.7
CUURS11ASA0,1999,M01,1999 Jan,174.1,-0.8,-0.5
CUURS11ASA0,1999,M03,1999 Mar,174.8,-0.7,-0.4
CUURS11ASA0,1999,M05,1999 May,174.2,0.6,0.3
CUURS11ASA0,1999,M07,1999 Jul,175.3,-1.1,-0.6
CUURS11ASA0,1999,M09,1999 Sep,176.8,-1.5,-0.9
CUURS11ASA0,1999,M11,1999 Nov,179.2,-2.4,-1.4
CUURS11ASA0,2000,M01,2000 Jan,180.2,-1.0,-0.6
CUURS11ASA0,2000,M03,2000 Mar,182.8,-2.6,-1.4
CUURS11ASA0,2000,M05,2000 May,181.7,1.1,0.6
CUURS11ASA0,2000,M07,2000 Jul,183.2,-1.5,-0.8
CUURS11ASA0,2000,M09,2000 Sep,184.3,-1.1,-0.6
CUURS11ASA0,2000,M11,2000 Nov,187.4,-3.1,-1.7
CUURS11ASA0,2001,M01,2001 Jan,189.0,-1.6,-0.9
CUURS11ASA0,2001,M03,2001 Mar,190.9,-1.9,-1.0
CUURS11ASA0,2001,M05,2001 May,190.9,0.0,0.0
CUURS11ASA0,2001,M07,2001 Jul,192.1,-1.2,-0.6
CUURS11ASA0,2001,M09,2001 Sep,192.7,-0.6,-0.3
CUURS11ASA0,2001,M11,2001 Nov,192.7,0.0,0.0
CUURS11ASA0,2002,M01,2002 Jan,192.9,-0.2,-0.1
CUURS11ASA0,2002,M03,2002 Mar,194.7,-1.8,-0.9
CUURS11ASA0,2002,M05,2002 May,194.8,-0.1,-0.1
CUURS11ASA0,2002,M07,2002 Jul,195.7,-0.9,-0.5
CUURS11ASA0,2002,M09,2002 Sep,199.1,-3.4,-1.7
CUURS11ASA0,2002,M11,2002 Nov,200.4,-1.3,-0.7
CUURS11ASA0,2003,M01,2003 Jan,199.8,0.6,0.3
CUURS11ASA0,2003,M03,2003 Mar,202.8,-3.0,-1.5
CUURS11ASA0,2003,M05,2003 May,202.3,0.5,0.2
CUURS11ASA0,2003,M07,2003 Jul,203.0,-0.7,-0.3
CUURS11ASA0,2003,M09,2003 Sep,206.8,-3.8,-1.9
CUURS11ASA0,2003,M11,2003 Nov,206.5,0.3,0.1
CUURS11ASA0,2004,M01,2004 Jan,208.4,-1.9,-0.9
CUURS11ASA0,2004,M03,2004 Mar,208.7,-0.3,-0.1
CUURS11ASA0,2004,M05,2004 May,208.7,0.0,0.0
CUURS11ASA0,2004,M07,2004 Jul,208.9,-0.2,-0.1
CUURS11ASA0,2004,M09,2004 Sep,209.8,-0.9,-0.4
CUURS11ASA0,2004,M11,2004 Nov,211.7,-1.9,-0.9
CUURS11ASA0,2005,M01,2005 Jan,211.3,0.4,0.2
CUURS11ASA0,2005,M03,2005 Mar,214.2,-2.9,-1.4
CUURS11ASA0,2005,M05,2005 May,214.6,-0.4,-0.2
CUURS11ASA0,2005,M07,2005 Jul,217.2,-2.6,-1.2
CUURS11ASA0,2005,M09,2005 Sep,220.1,-2.9,-1.3
CUURS11ASA0,2005,M11,2005 Nov,218.6,1.5,0.7
CUURS11ASA0,2006,M01,2006 Jan,220.5,-1.9,-0.9
CUURS11ASA0,2006,M03,2006 Mar,221.3,-0.8,-0.4
CUURS11ASA0,2006,M05,2006 May,222.9,-1.6,-0.7
CUURS11ASA0,2006,M07,2006 Jul,225.1,-2.2,-1.0
CUURS11ASA0,2006,M09,2006 Sep,224.5,0.6,0.3
CUURS11ASA0,2006,M11,2006 Nov,223.1,1.4,0.6
CUURS11ASA0,2007,M01,2007 Jan,224.432,-1.332,-0.597041685342896
CUURS11ASA0,2007,M03,2007 Mar,226.427,-1.995,-0.889
CUURS11ASA0,2007,M05,2007 May,226.247,0.180,0.079
CUURS11ASA0,2007,M07,2007 Jul,226.929,-0.682,-0.301
CUURS11ASA0,2007,M09,2007 Sep,227.850,-0.921,-0.406
CUURS11ASA0,2007,M11,2007 Nov,230.689,-2.839,-1.246
CUURS11ASA0,2008,M01,2008 Jan,231.980,-1.291,-0.560
CUURS11ASA0,2008,M03,2008 Mar,233.084,-1.104,-0.476
CUURS11ASA0,2008,M05,2008 May,235.344,-2.260,-0.970
CUURS11ASA0,2008,M07,2008 Jul,241.258,-5.914,-2.513
CUURS11ASA0,2008,M09,2008 Sep,238.519,2.739,1.135
CUURS11ASA0,2008,M11,2008 Nov,232.354,6.165,2.585
CUURS11ASA0,2009,M01,2009 Jan,230.806,1.548,0.666
CUURS11ASA0,2009,M03,2009 Mar,232.155,-1.349,-0.584
CUURS11ASA0,2009,M05,2009 May,231.891,0.264,0.114
CUURS11ASA0,2009,M07,2009 Jul,233.018,-1.127,-0.486
CUURS11ASA0,2009,M09,2009 Sep,236.596,-3.578,-1.536
CUURS11ASA0,2009,M11,2009 Nov,236.589,0.007,0.003
CUURS11ASA0,2010,M01,2010 Jan,237.266,-0.677,-0.286
CUURS11ASA0,2010,M03,2010 Mar,237.986,-0.720,-0.303
CUURS11ASA0,2010,M05,2010 May,238.083,-0.097,-0.041
CUURS11ASA0,2010,M07,2010 Jul,236.132,1.951,0.819
CUURS11ASA0,2010,M09,2010 Sep,236.474,-0.342,-0.145
CUURS11ASA0,2010,M11,2010 Nov,238.103,-1.629,-0.689
CUURS11ASA0,2011,M01,2011 Jan,239.814,-1.711,-0.719
CUURS11ASA0,2011,M03,2011 Mar,242.787,-2.973,-1.240
CUURS11ASA0,2011,M05,2011 May,244.574,-1.787,-0.736
CUURS11ASA0,2011,M07,2011 Jul,244.256,0.318,0.130
CUURS11ASA0,2011,M09,2011 Sep,245.310,-1.054,-0.432
CUURS11ASA0,2011,M11,2011 Nov,245.030,0.280,0.114
CUURS11ASA0,2012,M01,2012 Jan,245.891,-0.861,-0.351
CUURS11ASA0,2012,M03,2012 Mar,247.166,-1.275,-0.519
CUURS11ASA0,2012,M05,2012 May,246.582,0.584,0.236
CUURS11ASA0,2012,M07,2012 Jul,246.326,0.256,0.104
CUURS11ASA0,2012,M09,2012 Sep,249.488,-3.162,-1.284
CUURS11ASA0,2012,M11,2012 Nov,249.929,-0.441,-0.177
CUURS11ASA0,2013,M01,2013 Jan,249.957,-0.028,-0.011
CUURS11ASA0,2013,M03,2013 Mar,250.835,-0.878,-0.351
CUURS11ASA0,2013,M05,2013 May,250.036,0.799,0.319
CUURS11ASA0,2013,M07,2013 Jul,251.067,-1.031,-0.412
CUURS11ASA0,2013,M09,2013 Sep,251.918,-0.851,-0.339
CUURS11ASA0,2013,M11,2013 Nov,252.230,-0.312,-0.124
CUURS11ASA0,2014,M01,2014 Jan,253.123,-0.893,-0.354
CUURS11ASA0,2014,M03,2014 Mar,254.982,-1.859,-0.734
CUURS11ASA0,2014,M05,2014 May,255.209,-0.227,-0.089
CUURS11ASA0,2014,M07,2014 Jul,255.296,-0.087,-0.034
CUURS11ASA0,2014,M09,2014 Sep,255.878,-0.582,-0.228
CUURS11ASA0,2014,M11,2014 Nov,256.262,-0.384,-0.150
CUURS11ASA0,2015,M01,2015 Jan,254.556,1.706,0.666
CUURS11ASA0,2015,M03,2015 Mar,257.013,-2.457,-0.965
CUURS11ASA0,2015,M05,2015 May,256.839,0.174,0.068
CUURS11ASA0,2015,M07,2015 Jul,256.999,-0.160,-0.062
CUURS11ASA0,2015,M09,2015 Sep,256.643,0.356,0.139
CUURS11ASA0,2015,M11,2015 Nov,258.407,-1.764,-0.687
CUURS11ASA0,2016,M01,2016 Jan,257.215,1.192,0.461
CUURS11ASA0,2016,M03,2016 Mar,258.587,-1.372,-0.533
CUURS11ASA0,2016,M05,2016 May,260.809,-2.222,-0.859
CUURS11ASA0,2016,M07,2016 Jul,260.800,0.009,0.003
CUURS11ASA0,2016,M09,2016 Sep,262.606,-1.806,-0.692
CUURS11ASA0,2016,M11,2016 Nov,261.675,0.931,0.355
CUURS11ASA0,2017,M01,2017 Jan,264.865,-3.190,-1.219
CUURS11ASA0,2017,M03,2017 Mar,265.070,-0.205,-0.077
CUURS11ASA0,2017,M05,2017 May,266.256,-1.186,-0.447
CUURS11ASA0,2017,M07,2017 Jul,266.429,-0.173,-0.065
CUURS11ASA0,2017,M09,2017 Sep,269.757,-3.328,-1.249
CUURS11ASA0,2017,M11,2017 Nov,269.149,0.608,0.225
CUURS11ASA0,2018,M01,2018 Jan,272.229,-3.080,-1.144
CUURS11ASA0,2018,M03,2018 Mar,274.591,-2.362,-0.868
CUURS11ASA0,2018,M05,2018 May,274.668,-0.077,-0.028
CUURS11ASA0,2018,M07,2018 Jul,275.402,-0.734,-0.267
CUURS11ASA0,2018,M09,2018 Sep,278.663,-3.261,-1.184
CUURS11ASA0,2018,M11,2018 Nov,277.632,1.031,0.370
CUURS11ASA0,2019,M01,2019 Jan,278.976,-1.344,-0.484
CUURS11ASA0,2019,M03,2019 Mar,280.393,-1.417,-0.508
CUURS11ASA0,2019,M05,2019 May,280.937,-0.544,-0.194
CUURS11ASA0,2019,M07,2019 Jul,280.943,-0.006,-0.002
CUURS11ASA0,2019,M09,2019 Sep,281.603,-0.660,-0.235
CUURS11ASA0,2019,M11,2019 Nov,283.526,-1.923,-0.683
CUURS11ASA0,2020,M01,2020 Jan,285.181,-1.655,-0.584
CUURS11ASA0,2020,M03,2020 Mar,285.544,-0.363,-0.127
CUURS11ASA0,2020,M05,2020 May,282.620,2.924,1.024
CUURS11ASA0,2020,M07,2020 Jul,283.175,-0.555,-0.196
CUURS11ASA0,2020,M09,2020 Sep,283.391,-0.216,-0.076
CUURS11ASA0,2020,M11,2020 Nov,284.622,-1.231,-0.434
CUURS11ASA0,2021,M01,2021 Jan,286.615,-1.993,-0.700
CUURS11ASA0,2021,M03,2021 Mar,289.240,-2.625,-0.916
CUURS11ASA0,2021,M05,2021 May,291.667,-2.427,-0.839
CUURS11ASA0,2021,M07,2021 Jul,295.211,-3.544,-1.215
CUURS11ASA0,2021,M09,2021 Sep,294.784,0.427,0.145
CUURS11ASA0,2021,M11,2021 Nov,299.723,-4.939,-1.675
CUURS11ASA0,2022,M01,2022 Jan,304.634,-4.911,-1.639
CUURS11ASA0,2022,M03,2022 Mar,310.311,-5.677,-1.864
CUURS11ASA0,2022,M05,2022 May,313.578,-3.267,-1.053
CUURS11ASA0,2022,M07,2022 Jul,315.841,-2.263,-0.722
CUURS11ASA0,2022,M09,2022 Sep,318.800,-2.959,-0.937
CUURS11ASA0,2022,M11,2022 Nov,320.702,-1.902,-0.597