Series ID,Year,Period,Label,Value,Change in Index,Inflation_Rate
CUURS35BSAF1,1980,M01,1980 Jan,81.2,0,0
CUURS35BSAF1,1980,M03,1980 Mar,81.7,-0.5,-0.6
CUURS35BSAF1,1980,M05,1980 May,82.5,-0.8,-1.0
CUURS35BSAF1,1980,M07,1980 Jul,84.6,-2.1,-2.5
CUURS35BSAF1,1980,M09,1980 Sep,87.1,-2.5,-3.0
CUURS35BSAF1,1980,M11,1980 Nov,88.4,-1.3,-1.5
CUURS35BSAF1,1981,M01,1981 Jan,89.3,-0.9,-1.0
CUURS35BSAF1,1981,M03,1981 Mar,89.6,-0.3,-0.3
CUURS35BSAF1,1981,M05,1981 May,89.8,-0.2,-0.2
CUURS35BSAF1,1981,M07,1981 Jul,91.0,-1.2,-1.3
CUURS35BSAF1,1981,M09,1981 Sep,92.9,-1.9,-2.1
CUURS35BSAF1,1981,M11,1981 Nov,93.8,-0.9,-1.0
CUURS35BSAF1,1982,M01,1982 Jan,94.8,-1.0,-1.1
CUURS35BSAF1,1982,M03,1982 Mar,95.7,-0.9,-0.9
CUURS35BSAF1,1982,M05,1982 May,96.8,-1.1,-1.1
CUURS35BSAF1,1982,M07,1982 Jul,97.7,-0.9,-0.9
CUURS35BSAF1,1982,M09,1982 Sep,97.8,-0.1,-0.1
CUURS35BSAF1,1982,M11,1982 Nov,96.9,0.9,0.9
CUURS35BSAF1,1983,M01,1983 Jan,97.8,-0.9,-0.9
CUURS35BSAF1,1983,M03,1983 Mar,98.9,-1.1,-1.1
CUURS35BSAF1,1983,M05,1983 May,99.0,-0.1,-0.1
CUURS35BSAF1,1983,M07,1983 Jul,98.9,0.1,0.1
CUURS35BSAF1,1983,M09,1983 Sep,100.1,-1.2,-1.2
CUURS35BSAF1,1983,M11,1983 Nov,100.7,-0.6,-0.6
CUURS35BSAF1,1984,M01,1984 Jan,104.1,-3.4,-3.4
CUURS35BSAF1,1984,M03,1984 Mar,104.2,-0.1,-0.1
CUURS35BSAF1,1984,M05,1984 May,102.7,1.5,1.4
CUURS35BSAF1,1984,M07,1984 Jul,103.4,-0.7,-0.7
CUURS35BSAF1,1984,M09,1984 Sep,103.6,-0.2,-0.2
CUURS35BSAF1,1984,M11,1984 Nov,104.4,-0.8,-0.8
CUURS35BSAF1,1985,M01,1985 Jan,104.2,0.2,0.2
CUURS35BSAF1,1985,M03,1985 Mar,105.3,-1.1,-1.1
CUURS35BSAF1,1985,M05,1985 May,103.6,1.7,1.6
CUURS35BSAF1,1985,M07,1985 Jul,104.6,-1.0,-1.0
CUURS35BSAF1,1985,M09,1985 Sep,104.1,0.5,0.5
CUURS35BSAF1,1985,M11,1985 Nov,104.7,-0.6,-0.6
CUURS35BSAF1,1986,M01,1986 Jan,106.2,-1.5,-1.4
CUURS35BSAF1,1986,M03,1986 Mar,106.8,-0.6,-0.6
CUURS35BSAF1,1986,M05,1986 May,106.9,-0.1,-0.1
CUURS35BSAF1,1986,M07,1986 Jul,102.9,4.0,3.7
CUURS35BSAF1,1986,M09,1986 Sep,108.4,-5.5,-5.3
CUURS35BSAF1,1986,M11,1986 Nov,110.1,-1.7,-1.6
CUURS35BSAF1,1987,M01,1987 Jan,110.9,-0.8,-0.7
CUURS35BSAF1,1987,M03,1987 Mar,112.8,-1.9,-1.7
CUURS35BSAF1,1987,M05,1987 May,114.6,-1.8,-1.6
CUURS35BSAF1,1987,M07,1987 Jul,114.1,0.5,0.4
CUURS35BSAF1,1987,M09,1987 Sep,113.9,0.2,0.2
CUURS35BSAF1,1987,M11,1987 Nov,113.9,0.0,0.0
CUURS35BSAF1,1988,M01,1988 Jan,115.3,-1.4,-1.2
CUURS35BSAF1,1988,M03,1988 Mar,117.5,-2.2,-1.9
CUURS35BSAF1,1988,M05,1988 May,118.1,-0.6,-0.5
CUURS35BSAF1,1988,M07,1988 Jul,118.8,-0.7,-0.6
CUURS35BSAF1,1988,M09,1988 Sep,122.0,-3.2,-2.7
CUURS35BSAF1,1988,M11,1988 Nov,122.8,-0.8,-0.7
CUURS35BSAF1,1989,M01,1989 Jan,123.5,-0.7,-0.6
CUURS35BSAF1,1989,M03,1989 Mar,124.1,-0.6,-0.5
CUURS35BSAF1,1989,M05,1989 May,125.0,-0.9,-0.7
CUURS35BSAF1,1989,M07,1989 Jul,127.7,-2.7,-2.2
CUURS35BSAF1,1989,M09,1989 Sep,127.3,0.4,0.3
CUURS35BSAF1,1989,M11,1989 Nov,129.8,-2.5,-2.0
CUURS35BSAF1,1990,M01,1990 Jan,136.2,-6.4,-4.9
CUURS35BSAF1,1990,M03,1990 Mar,136.2,0.0,0.0
CUURS35BSAF1,1990,M05,1990 May,134.2,2.0,1.5
CUURS35BSAF1,1990,M07,1990 Jul,135.7,-1.5,-1.1
CUURS35BSAF1,1990,M09,1990 Sep,135.6,0.1,0.1
CUURS35BSAF1,1990,M11,1990 Nov,137.7,-2.1,-1.5
CUURS35BSAF1,1991,M01,1991 Jan,136.7,1.0,0.7
CUURS35BSAF1,1991,M03,1991 Mar,138.6,-1.9,-1.4
CUURS35BSAF1,1991,M05,1991 May,139.6,-1.0,-0.7
CUURS35BSAF1,1991,M07,1991 Jul,140.0,-0.4,-0.3
CUURS35BSAF1,1991,M09,1991 Sep,139.2,0.8,0.6
CUURS35BSAF1,1991,M11,1991 Nov,138.8,0.4,0.3
CUURS35BSAF1,1992,M01,1992 Jan,139.5,-0.7,-0.5
CUURS35BSAF1,1992,M03,1992 Mar,141.5,-2.0,-1.4
CUURS35BSAF1,1992,M05,1992 May,139.7,1.8,1.3
CUURS35BSAF1,1992,M07,1992 Jul,140.6,-0.9,-0.6
CUURS35BSAF1,1992,M09,1992 Sep,142.9,-2.3,-1.6
CUURS35BSAF1,1992,M11,1992 Nov,141.9,1.0,0.7
CUURS35BSAF1,1993,M01,1993 Jan,145.3,-3.4,-2.4
CUURS35BSAF1,1993,M03,1993 Mar,146.2,-0.9,-0.6
CUURS35BSAF1,1993,M05,1993 May,146.7,-0.5,-0.3
CUURS35BSAF1,1993,M07,1993 Jul,146.5,0.2,0.1
CUURS35BSAF1,1993,M09,1993 Sep,148.4,-1.9,-1.3
CUURS35BSAF1,1993,M11,1993 Nov,150.3,-1.9,-1.3
CUURS35BSAF1,1994,M01,1994 Jan,151.7,-1.4,-0.9
CUURS35BSAF1,1994,M03,1994 Mar,152.1,-0.4,-0.3
CUURS35BSAF1,1994,M05,1994 May,152.4,-0.3,-0.2
CUURS35BSAF1,1994,M07,1994 Jul,152.2,0.2,0.1
CUURS35BSAF1,1994,M09,1994 Sep,152.7,-0.5,-0.3
CUURS35BSAF1,1994,M11,1994 Nov,154.1,-1.4,-0.9
CUURS35BSAF1,1995,M01,1995 Jan,156.2,-2.1,-1.4
CUURS35BSAF1,1995,M03,1995 Mar,156.5,-0.3,-0.2
CUURS35BSAF1,1995,M05,1995 May,157.2,-0.7,-0.4
CUURS35BSAF1,1995,M07,1995 Jul,156.8,0.4,0.3
CUURS35BSAF1,1995,M09,1995 Sep,157.7,-0.9,-0.6
CUURS35BSAF1,1995,M11,1995 Nov,158.0,-0.3,-0.2
CUURS35BSAF1,1996,M01,1996 Jan,158.8,-0.8,-0.5
CUURS35BSAF1,1996,M03,1996 Mar,159.1,-0.3,-0.2
CUURS35BSAF1,1996,M05,1996 May,159.2,-0.1,-0.1
CUURS35BSAF1,1996,M07,1996 Jul,161.7,-2.5,-1.6
CUURS35BSAF1,1996,M09,1996 Sep,163.8,-2.1,-1.3
CUURS35BSAF1,1996,M11,1996 Nov,164.6,-0.8,-0.5
CUURS35BSAF1,1997,M01,1997 Jan,164.1,0.5,0.3
CUURS35BSAF1,1997,M03,1997 Mar,165.6,-1.5,-0.9
CUURS35BSAF1,1997,M05,1997 May,166.2,-0.6,-0.4
CUURS35BSAF1,1997,M07,1997 Jul,166.5,-0.3,-0.2
CUURS35BSAF1,1997,M09,1997 Sep,165.9,0.6,0.4
CUURS35BSAF1,1997,M11,1997 Nov,167.1,-1.2,-0.7
CUURS35BSAF1,1998,M02,1998 Feb,168.1,-1.0,-0.6
CUURS35BSAF1,1998,M04,1998 Apr,168.1,0.0,0.0
CUURS35BSAF1,1998,M06,1998 Jun,170.3,-2.2,-1.3
CUURS35BSAF1,1998,M08,1998 Aug,169.9,0.4,0.2
CUURS35BSAF1,1998,M10,1998 Oct,171.3,-1.4,-0.8
CUURS35BSAF1,1998,M12,1998 Dec,169.5,1.8,1.1
CUURS35BSAF1,1999,M02,1999 Feb,170.2,-0.7,-0.4
CUURS35BSAF1,1999,M04,1999 Apr,170.7,-0.5,-0.3
CUURS35BSAF1,1999,M06,1999 Jun,170.2,0.5,0.3
CUURS35BSAF1,1999,M08,1999 Aug,171.9,-1.7,-1.0
CUURS35BSAF1,1999,M10,1999 Oct,173.2,-1.3,-0.8
CUURS35BSAF1,1999,M12,1999 Dec,172.1,1.1,0.6
CUURS35BSAF1,2000,M02,2000 Feb,172.3,-0.2,-0.1
CUURS35BSAF1,2000,M04,2000 Apr,173.6,-1.3,-0.8
CUURS35BSAF1,2000,M06,2000 Jun,175.6,-2.0,-1.2
CUURS35BSAF1,2000,M08,2000 Aug,175.6,0.0,0.0
CUURS35BSAF1,2000,M10,2000 Oct,177.4,-1.8,-1.0
CUURS35BSAF1,2000,M12,2000 Dec,178.4,-1.0,-0.6
CUURS35BSAF1,2001,M02,2001 Feb,179.8,-1.4,-0.8
CUURS35BSAF1,2001,M04,2001 Apr,181.3,-1.5,-0.8
CUURS35BSAF1,2001,M06,2001 Jun,180.7,0.6,0.3
CUURS35BSAF1,2001,M08,2001 Aug,181.8,-1.1,-0.6
CUURS35BSAF1,2001,M10,2001 Oct,182.2,-0.4,-0.2
CUURS35BSAF1,2001,M12,2001 Dec,180.9,1.3,0.7
CUURS35BSAF1,2002,M02,2002 Feb,184.1,-3.2,-1.8
CUURS35BSAF1,2002,M04,2002 Apr,183.7,0.4,0.2
CUURS35BSAF1,2002,M06,2002 Jun,183.7,0.0,0.0
CUURS35BSAF1,2002,M08,2002 Aug,185.0,-1.3,-0.7
CUURS35BSAF1,2002,M10,2002 Oct,185.0,0.0,0.0
CUURS35BSAF1,2002,M12,2002 Dec,185.2,-0.2,-0.1
CUURS35BSAF1,2003,M02,2003 Feb,186.4,-1.2,-0.6
CUURS35BSAF1,2003,M04,2003 Apr,188.8,-2.4,-1.3
CUURS35BSAF1,2003,M06,2003 Jun,189.2,-0.4,-0.2
CUURS35BSAF1,2003,M08,2003 Aug,190.8,-1.6,-0.8
CUURS35BSAF1,2003,M10,2003 Oct,191.4,-0.6,-0.3
CUURS35BSAF1,2003,M12,2003 Dec,191.7,-0.3,-0.2
CUURS35BSAF1,2004,M02,2004 Feb,192.7,-1.0,-0.5
CUURS35BSAF1,2004,M04,2004 Apr,194.7,-2.0,-1.0
CUURS35BSAF1,2004,M06,2004 Jun,196.2,-1.5,-0.8
CUURS35BSAF1,2004,M08,2004 Aug,194.9,1.3,0.7
CUURS35BSAF1,2004,M10,2004 Oct,198.4,-3.5,-1.8
CUURS35BSAF1,2004,M12,2004 Dec,199.4,-1.0,-0.5
CUURS35BSAF1,2005,M02,2005 Feb,198.9,0.5,0.3
CUURS35BSAF1,2005,M04,2005 Apr,201.0,-2.1,-1.1
CUURS35BSAF1,2005,M06,2005 Jun,201.1,-0.1,0.0
CUURS35BSAF1,2005,M08,2005 Aug,201.0,0.1,0.0
CUURS35BSAF1,2005,M10,2005 Oct,202.2,-1.2,-0.6
CUURS35BSAF1,2005,M12,2005 Dec,202.3,-0.1,0.0
CUURS35BSAF1,2006,M02,2006 Feb,204.1,-1.8,-0.9
CUURS35BSAF1,2006,M04,2006 Apr,200.8,3.3,1.6
CUURS35BSAF1,2006,M06,2006 Jun,202.9,-2.1,-1.0
CUURS35BSAF1,2006,M08,2006 Aug,206.1,-3.2,-1.6
CUURS35BSAF1,2006,M10,2006 Oct,206.4,-0.3,-0.1
CUURS35BSAF1,2006,M12,2006 Dec,207.0,-0.6,-0.3
CUURS35BSAF1,2007,M02,2007 Feb,208.408,-1.408,-0.680193236714976
CUURS35BSAF1,2007,M04,2007 Apr,208.692,-0.284,-0.136
CUURS35BSAF1,2007,M06,2007 Jun,211.594,-2.902,-1.391
CUURS35BSAF1,2007,M08,2007 Aug,212.706,-1.112,-0.526
CUURS35BSAF1,2007,M10,2007 Oct,214.338,-1.632,-0.767
CUURS35BSAF1,2007,M12,2007 Dec,217.918,-3.580,-1.670
CUURS35BSAF1,2008,M02,2008 Feb,218.791,-0.873,-0.401
CUURS35BSAF1,2008,M04,2008 Apr,220.328,-1.537,-0.702
CUURS35BSAF1,2008,M06,2008 Jun,224.105,-3.777,-1.714
CUURS35BSAF1,2008,M08,2008 Aug,228.582,-4.477,-1.998
CUURS35BSAF1,2008,M10,2008 Oct,228.693,-0.111,-0.049
CUURS35BSAF1,2008,M12,2008 Dec,227.731,0.962,0.421
CUURS35BSAF1,2009,M02,2009 Feb,227.259,0.472,0.207
CUURS35BSAF1,2009,M04,2009 Apr,228.834,-1.575,-0.693
CUURS35BSAF1,2009,M06,2009 Jun,226.472,2.362,1.032
CUURS35BSAF1,2009,M08,2009 Aug,227.053,-0.581,-0.257
CUURS35BSAF1,2009,M10,2009 Oct,226.355,0.698,0.307
CUURS35BSAF1,2009,M12,2009 Dec,228.502,-2.147,-0.949
CUURS35BSAF1,2010,M02,2010 Feb,228.410,0.092,0.040
CUURS35BSAF1,2010,M04,2010 Apr,229.226,-0.816,-0.357
CUURS35BSAF1,2010,M06,2010 Jun,229.045,0.181,0.079
CUURS35BSAF1,2010,M08,2010 Aug,228.928,0.117,0.051
CUURS35BSAF1,2010,M10,2010 Oct,231.714,-2.786,-1.217
CUURS35BSAF1,2010,M12,2010 Dec,231.162,0.552,0.238
CUURS35BSAF1,2011,M02,2011 Feb,233.954,-2.792,-1.208
CUURS35BSAF1,2011,M04,2011 Apr,237.931,-3.977,-1.700
CUURS35BSAF1,2011,M06,2011 Jun,241.409,-3.478,-1.462
CUURS35BSAF1,2011,M08,2011 Aug,243.889,-2.480,-1.027
CUURS35BSAF1,2011,M10,2011 Oct,243.520,0.369,0.151
CUURS35BSAF1,2011,M12,2011 Dec,242.767,0.753,0.309
CUURS35BSAF1,2012,M02,2012 Feb,241.434,1.333,0.549
CUURS35BSAF1,2012,M04,2012 Apr,245.033,-3.599,-1.491
CUURS35BSAF1,2012,M06,2012 Jun,245.225,-0.192,-0.078
CUURS35BSAF1,2012,M08,2012 Aug,247.249,-2.024,-0.825
CUURS35BSAF1,2012,M10,2012 Oct,246.772,0.477,0.193
CUURS35BSAF1,2012,M12,2012 Dec,244.994,1.778,0.721
CUURS35BSAF1,2013,M02,2013 Feb,245.649,-0.655,-0.267
CUURS35BSAF1,2013,M04,2013 Apr,245.869,-0.220,-0.090
CUURS35BSAF1,2013,M06,2013 Jun,247.168,-1.299,-0.528
CUURS35BSAF1,2013,M08,2013 Aug,247.432,-0.264,-0.107
CUURS35BSAF1,2013,M10,2013 Oct,249.963,-2.531,-1.023
CUURS35BSAF1,2013,M12,2013 Dec,247.024,2.939,1.176
CUURS35BSAF1,2014,M02,2014 Feb,250.338,-3.314,-1.342
CUURS35BSAF1,2014,M04,2014 Apr,252.788,-2.450,-0.979
CUURS35BSAF1,2014,M06,2014 Jun,254.310,-1.522,-0.602
CUURS35BSAF1,2014,M08,2014 Aug,256.306,-1.996,-0.785
CUURS35BSAF1,2014,M10,2014 Oct,256.269,0.037,0.014
CUURS35BSAF1,2014,M12,2014 Dec,257.624,-1.355,-0.529
CUURS35BSAF1,2015,M02,2015 Feb,258.328,-0.704,-0.273
CUURS35BSAF1,2015,M04,2015 Apr,257.977,0.351,0.136
CUURS35BSAF1,2015,M06,2015 Jun,259.252,-1.275,-0.494
CUURS35BSAF1,2015,M08,2015 Aug,262.134,-2.882,-1.112
CUURS35BSAF1,2015,M10,2015 Oct,262.657,-0.523,-0.200
CUURS35BSAF1,2015,M12,2015 Dec,260.520,2.137,0.814
CUURS35BSAF1,2016,M02,2016 Feb,262.459,-1.939,-0.744
CUURS35BSAF1,2016,M04,2016 Apr,261.302,1.157,0.441
CUURS35BSAF1,2016,M06,2016 Jun,261.904,-0.602,-0.230
CUURS35BSAF1,2016,M08,2016 Aug,261.781,0.123,0.047
CUURS35BSAF1,2016,M10,2016 Oct,261.035,0.746,0.285
CUURS35BSAF1,2016,M12,2016 Dec,259.616,1.419,0.544
CUURS35BSAF1,2017,M02,2017 Feb,262.099,-2.483,-0.956
CUURS35BSAF1,2017,M04,2017 Apr,261.685,0.414,0.158
CUURS35BSAF1,2017,M06,2017 Jun,264.151,-2.466,-0.942
CUURS35BSAF1,2017,M08,2017 Aug,262.389,1.762,0.667
CUURS35BSAF1,2017,M10,2017 Oct,264.613,-2.224,-0.848
CUURS35BSAF1,2017,M12,2017 Dec,264.858,-0.245,-0.093
CUURS35BSAF1,2018,M02,2018 Feb,263.618,1.240,0.468
CUURS35BSAF1,2018,M04,2018 Apr,266.564,-2.946,-1.118
CUURS35BSAF1,2018,M06,2018 Jun,266.812,-0.248,-0.093
CUURS35BSAF1,2018,M08,2018 Aug,266.835,-0.023,-0.009
CUURS35BSAF1,2018,M10,2018 Oct,263.976,2.859,1.071
CUURS35BSAF1,2018,M12,2018 Dec,268.006,-4.030,-1.527
CUURS35BSAF1,2019,M02,2019 Feb,267.441,0.565,0.211
CUURS35BSAF1,2019,M04,2019 Apr,267.489,-0.048,-0.018
CUURS35BSAF1,2019,M06,2019 Jun,266.507,0.982,0.367
CUURS35BSAF1,2019,M08,2019 Aug,267.585,-1.078,-0.404
CUURS35BSAF1,2019,M10,2019 Oct,266.584,1.001,0.374
CUURS35BSAF1,2019,M12,2019 Dec,265.870,0.714,0.268
CUURS35BSAF1,2020,M02,2020 Feb,267.786,-1.916,-0.721
CUURS35BSAF1,2020,M04,2020 Apr,281.119,-13.333,-4.979
CUURS35BSAF1,2020,M06,2020 Jun,290.081,-8.962,-3.188
CUURS35BSAF1,2020,M08,2020 Aug,288.738,1.343,0.463
CUURS35BSAF1,2020,M10,2020 Oct,284.896,3.842,1.331
CUURS35BSAF1,2020,M12,2020 Dec,283.593,1.303,0.457
CUURS35BSAF1,2021,M02,2021 Feb,285.186,-1.593,-0.562
CUURS35BSAF1,2021,M04,2021 Apr,289.397,-4.211,-1.477
CUURS35BSAF1,2021,M06,2021 Jun,295.025,-5.628,-1.945
CUURS35BSAF1,2021,M08,2021 Aug,282.658,12.367,4.192
CUURS35BSAF1,2021,M10,2021 Oct,289.565,-6.907,-2.444
CUURS35BSAF1,2021,M12,2021 Dec,292.345,-2.780,-0.960
CUURS35BSAF1,2022,M02,2022 Feb,295.543,-3.198,-1.094
CUURS35BSAF1,2022,M04,2022 Apr,302.019,-6.476,-2.191
CUURS35BSAF1,2022,M06,2022 Jun,306.109,-4.090,-1.354
CUURS35BSAF1,2022,M08,2022 Aug,310.917,-4.808,-1.571
CUURS35BSAF1,2022,M10,2022 Oct,316.048,-5.131,-1.650
CUURS35BSAF1,2022,M12,2022 Dec,317.955,-1.907,-0.603