Series ID,Year,Period,Label,Value,Change in Index,Inflation_Rate
CUURS37BSA0,1980,M02,1980 Feb,79.8,0,0
CUURS37BSA0,1980,M04,1980 Apr,81.3,1.5,1.9
CUURS37BSA0,1980,M06,1980 Jun,83.1,1.8,2.2
CUURS37BSA0,1980,M08,1980 Aug,83.7,0.6,0.7
CUURS37BSA0,1980,M10,1980 Oct,84.9,1.2,1.4
CUURS37BSA0,1980,M12,1980 Dec,85.7,0.8,0.9
CUURS37BSA0,1981,M02,1981 Feb,87.8,2.1,2.5
CUURS37BSA0,1981,M04,1981 Apr,89.3,1.5,1.7
CUURS37BSA0,1981,M06,1981 Jun,91.3,2.0,2.2
CUURS37BSA0,1981,M08,1981 Aug,91.9,0.6,0.7
CUURS37BSA0,1981,M10,1981 Oct,93.5,1.6,1.7
CUURS37BSA0,1981,M12,1981 Dec,94.4,0.9,1.0
CUURS37BSA0,1982,M02,1982 Feb,94.8,0.4,0.4
CUURS37BSA0,1982,M04,1982 Apr,95.1,0.3,0.3
CUURS37BSA0,1982,M06,1982 Jun,97.9,2.8,2.9
CUURS37BSA0,1982,M08,1982 Aug,99.3,1.4,1.4
CUURS37BSA0,1982,M10,1982 Oct,99.0,-0.3,-0.3
CUURS37BSA0,1982,M12,1982 Dec,99.2,0.2,0.2
CUURS37BSA0,1983,M02,1983 Feb,98.9,-0.3,-0.3
CUURS37BSA0,1983,M04,1983 Apr,98.7,-0.2,-0.2
CUURS37BSA0,1983,M06,1983 Jun,100.2,1.5,1.5
CUURS37BSA0,1983,M08,1983 Aug,101.0,0.8,0.8
CUURS37BSA0,1983,M10,1983 Oct,101.1,0.1,0.1
CUURS37BSA0,1983,M12,1983 Dec,100.0,-1.1,-1.1
CUURS37BSA0,1984,M02,1984 Feb,100.9,0.9,0.9
CUURS37BSA0,1984,M04,1984 Apr,101.5,0.6,0.6
CUURS37BSA0,1984,M06,1984 Jun,103.0,1.5,1.5
CUURS37BSA0,1984,M08,1984 Aug,103.5,0.5,0.5
CUURS37BSA0,1984,M10,1984 Oct,104.3,0.8,0.8
CUURS37BSA0,1984,M12,1984 Dec,103.9,-0.4,-0.4
CUURS37BSA0,1985,M02,1985 Feb,104.0,0.1,0.1
CUURS37BSA0,1985,M04,1985 Apr,104.5,0.5,0.5
CUURS37BSA0,1985,M06,1985 Jun,105.3,0.8,0.8
CUURS37BSA0,1985,M08,1985 Aug,105.4,0.1,0.1
CUURS37BSA0,1985,M10,1985 Oct,105.3,-0.1,-0.1
CUURS37BSA0,1985,M12,1985 Dec,105.0,-0.3,-0.3
CUURS37BSA0,1986,M02,1986 Feb,105.1,0.1,0.1
CUURS37BSA0,1986,M04,1986 Apr,102.9,-2.2,-2.1
CUURS37BSA0,1986,M06,1986 Jun,103.9,1.0,1.0
CUURS37BSA0,1986,M08,1986 Aug,103.8,-0.1,-0.1
CUURS37BSA0,1986,M10,1986 Oct,104.1,0.3,0.3
CUURS37BSA0,1986,M12,1986 Dec,103.2,-0.9,-0.9
CUURS37BSA0,1987,M02,1987 Feb,104.4,1.2,1.2
CUURS37BSA0,1987,M04,1987 Apr,106.4,2.0,1.9
CUURS37BSA0,1987,M06,1987 Jun,106.5,0.1,0.1
CUURS37BSA0,1987,M08,1987 Aug,107.3,0.8,0.8
CUURS37BSA0,1987,M10,1987 Oct,108.0,0.7,0.7
CUURS37BSA0,1987,M12,1987 Dec,107.3,-0.7,-0.6
CUURS37BSA0,1988,M02,1988 Feb,108.0,0.7,0.7
CUURS37BSA0,1988,M04,1988 Apr,108.2,0.2,0.2
CUURS37BSA0,1988,M06,1988 Jun,109.4,1.2,1.1
CUURS37BSA0,1988,M08,1988 Aug,110.3,0.9,0.8
CUURS37BSA0,1988,M10,1988 Oct,111.1,0.8,0.7
CUURS37BSA0,1988,M12,1988 Dec,111.3,0.2,0.2
CUURS37BSA0,1989,M02,1989 Feb,112.7,1.4,1.3
CUURS37BSA0,1989,M04,1989 Apr,113.2,0.5,0.4
CUURS37BSA0,1989,M06,1989 Jun,114.1,0.9,0.8
CUURS37BSA0,1989,M08,1989 Aug,114.4,0.3,0.3
CUURS37BSA0,1989,M10,1989 Oct,115.7,1.3,1.1
CUURS37BSA0,1989,M12,1989 Dec,115.5,-0.2,-0.2
CUURS37BSA0,1990,M02,1990 Feb,118.7,3.2,2.8
CUURS37BSA0,1990,M04,1990 Apr,118.3,-0.4,-0.3
CUURS37BSA0,1990,M06,1990 Jun,119.7,1.4,1.2
CUURS37BSA0,1990,M08,1990 Aug,121.5,1.8,1.5
CUURS37BSA0,1990,M10,1990 Oct,124.0,2.5,2.1
CUURS37BSA0,1990,M12,1990 Dec,123.0,-1.0,-0.8
CUURS37BSA0,1991,M02,1991 Feb,124.3,1.3,1.1
CUURS37BSA0,1991,M04,1991 Apr,123.5,-0.8,-0.6
CUURS37BSA0,1991,M06,1991 Jun,124.9,1.4,1.1
CUURS37BSA0,1991,M08,1991 Aug,124.8,-0.1,-0.1
CUURS37BSA0,1991,M10,1991 Oct,127.3,2.5,2.0
CUURS37BSA0,1991,M12,1991 Dec,127.0,-0.3,-0.2
CUURS37BSA0,1992,M02,1992 Feb,127.0,0.0,0.0
CUURS37BSA0,1992,M04,1992 Apr,128.7,1.7,1.3
CUURS37BSA0,1992,M06,1992 Jun,129.4,0.7,0.5
CUURS37BSA0,1992,M08,1992 Aug,129.9,0.5,0.4
CUURS37BSA0,1992,M10,1992 Oct,130.8,0.9,0.7
CUURS37BSA0,1992,M12,1992 Dec,129.3,-1.5,-1.1
CUURS37BSA0,1993,M02,1993 Feb,131.7,2.4,1.9
CUURS37BSA0,1993,M04,1993 Apr,131.8,0.1,0.1
CUURS37BSA0,1993,M06,1993 Jun,132.9,1.1,0.8
CUURS37BSA0,1993,M08,1993 Aug,133.0,0.1,0.1
CUURS37BSA0,1993,M10,1993 Oct,136.6,3.6,2.7
CUURS37BSA0,1993,M12,1993 Dec,136.5,-0.1,-0.1
CUURS37BSA0,1994,M02,1994 Feb,137.0,0.5,0.4
CUURS37BSA0,1994,M04,1994 Apr,136.8,-0.2,-0.1
CUURS37BSA0,1994,M06,1994 Jun,137.4,0.6,0.4
CUURS37BSA0,1994,M08,1994 Aug,139.2,1.8,1.3
CUURS37BSA0,1994,M10,1994 Oct,139.3,0.1,0.1
CUURS37BSA0,1994,M12,1994 Dec,137.8,-1.5,-1.1
CUURS37BSA0,1995,M02,1995 Feb,139.3,1.5,1.1
CUURS37BSA0,1995,M04,1995 Apr,138.0,-1.3,-0.9
CUURS37BSA0,1995,M06,1995 Jun,139.9,1.9,1.4
CUURS37BSA0,1995,M08,1995 Aug,140.1,0.2,0.1
CUURS37BSA0,1995,M10,1995 Oct,141.6,1.5,1.1
CUURS37BSA0,1995,M12,1995 Dec,140.9,-0.7,-0.5
CUURS37BSA0,1996,M02,1996 Feb,141.5,0.6,0.4
CUURS37BSA0,1996,M04,1996 Apr,143.1,1.6,1.1
CUURS37BSA0,1996,M06,1996 Jun,142.8,-0.3,-0.2
CUURS37BSA0,1996,M08,1996 Aug,142.8,0.0,0.0
CUURS37BSA0,1996,M10,1996 Oct,143.2,0.4,0.3
CUURS37BSA0,1996,M12,1996 Dec,143.6,0.4,0.3
CUURS37BSA0,1997,M02,1997 Feb,144.5,0.9,0.6
CUURS37BSA0,1997,M04,1997 Apr,145.2,0.7,0.5
CUURS37BSA0,1997,M06,1997 Jun,144.8,-0.4,-0.3
CUURS37BSA0,1997,M08,1997 Aug,145.4,0.6,0.4
CUURS37BSA0,1997,M10,1997 Oct,147.3,1.9,1.3
CUURS37BSA0,1997,M12,1997 Dec,145.6,-1.7,-1.2
CUURS37BSA0,1998,M02,1998 Feb,146.1,0.5,0.3
CUURS37BSA0,1998,M04,1998 Apr,146.3,0.2,0.1
CUURS37BSA0,1998,M06,1998 Jun,146.4,0.1,0.1
CUURS37BSA0,1998,M08,1998 Aug,147.4,1.0,0.7
CUURS37BSA0,1998,M10,1998 Oct,148.5,1.1,0.7
CUURS37BSA0,1998,M12,1998 Dec,146.1,-2.4,-1.6
CUURS37BSA0,1999,M02,1999 Feb,146.6,0.5,0.3
CUURS37BSA0,1999,M04,1999 Apr,148.3,1.7,1.2
CUURS37BSA0,1999,M06,1999 Jun,148.3,0.0,0.0
CUURS37BSA0,1999,M08,1999 Aug,148.9,0.6,0.4
CUURS37BSA0,1999,M10,1999 Oct,151.2,2.3,1.5
CUURS37BSA0,1999,M12,1999 Dec,150.3,-0.9,-0.6
CUURS37BSA0,2000,M02,2000 Feb,152.1,1.8,1.2
CUURS37BSA0,2000,M04,2000 Apr,152.8,0.7,0.5
CUURS37BSA0,2000,M06,2000 Jun,154.1,1.3,0.9
CUURS37BSA0,2000,M08,2000 Aug,154.4,0.3,0.2
CUURS37BSA0,2000,M10,2000 Oct,157.1,2.7,1.7
CUURS37BSA0,2000,M12,2000 Dec,156.2,-0.9,-0.6
CUURS37BSA0,2001,M02,2001 Feb,158.6,2.4,1.5
CUURS37BSA0,2001,M04,2001 Apr,159.5,0.9,0.6
CUURS37BSA0,2001,M06,2001 Jun,159.6,0.1,0.1
CUURS37BSA0,2001,M08,2001 Aug,158.6,-1.0,-0.6
CUURS37BSA0,2001,M10,2001 Oct,159.4,0.8,0.5
CUURS37BSA0,2001,M12,2001 Dec,157.1,-2.3,-1.4
CUURS37BSA0,2002,M02,2002 Feb,156.6,-0.5,-0.3
CUURS37BSA0,2002,M04,2002 Apr,158.8,2.2,1.4
CUURS37BSA0,2002,M06,2002 Jun,158.3,-0.5,-0.3
CUURS37BSA0,2002,M08,2002 Aug,160.1,1.8,1.1
CUURS37BSA0,2002,M10,2002 Oct,162.6,2.5,1.6
CUURS37BSA0,2002,M12,2002 Dec,159.8,-2.8,-1.7
CUURS37BSA0,2003,M02,2003 Feb,164.0,4.2,2.6
CUURS37BSA0,2003,M04,2003 Apr,162.5,-1.5,-0.9
CUURS37BSA0,2003,M06,2003 Jun,162.5,0.0,0.0
CUURS37BSA0,2003,M08,2003 Aug,164.1,1.6,1.0
CUURS37BSA0,2003,M10,2003 Oct,166.1,2.0,1.2
CUURS37BSA0,2003,M12,2003 Dec,164.1,-2.0,-1.2
CUURS37BSA0,2004,M02,2004 Feb,168.5,4.4,2.7
CUURS37BSA0,2004,M04,2004 Apr,169.7,1.2,0.7
CUURS37BSA0,2004,M06,2004 Jun,169.3,-0.4,-0.2
CUURS37BSA0,2004,M08,2004 Aug,169.1,-0.2,-0.1
CUURS37BSA0,2004,M10,2004 Oct,171.8,2.7,1.6
CUURS37BSA0,2004,M12,2004 Dec,170.0,-1.8,-1.0
CUURS37BSA0,2005,M02,2005 Feb,174.6,4.6,2.7
CUURS37BSA0,2005,M04,2005 Apr,175.0,0.4,0.2
CUURS37BSA0,2005,M06,2005 Jun,174.2,-0.8,-0.5
CUURS37BSA0,2005,M08,2005 Aug,175.5,1.3,0.7
CUURS37BSA0,2005,M10,2005 Oct,179.2,3.7,2.1
CUURS37BSA0,2005,M12,2005 Dec,177.2,-2.0,-1.1
CUURS37BSA0,2006,M02,2006 Feb,178.6,1.4,0.8
CUURS37BSA0,2006,M04,2006 Apr,181.2,2.6,1.5
CUURS37BSA0,2006,M06,2006 Jun,182.4,1.2,0.7
CUURS37BSA0,2006,M08,2006 Aug,182.5,0.1,0.1
CUURS37BSA0,2006,M10,2006 Oct,180.4,-2.1,-1.2
CUURS37BSA0,2006,M12,2006 Dec,179.2,-1.2,-0.7
CUURS37BSA0,2007,M02,2007 Feb,181.217,2.017,1.12555803571429
CUURS37BSA0,2007,M04,2007 Apr,184.140,2.923,1.613
CUURS37BSA0,2007,M06,2007 Jun,184.529,0.389,0.211
CUURS37BSA0,2007,M08,2007 Aug,183.740,-0.789,-0.428
CUURS37BSA0,2007,M10,2007 Oct,184.922,1.182,0.643
CUURS37BSA0,2007,M12,2007 Dec,186.246,1.324,0.716
CUURS37BSA0,2008,M02,2008 Feb,187.585,1.339,0.719
CUURS37BSA0,2008,M04,2008 Apr,188.795,1.210,0.645
CUURS37BSA0,2008,M06,2008 Jun,193.567,4.772,2.528
CUURS37BSA0,2008,M08,2008 Aug,192.723,-0.844,-0.436
CUURS37BSA0,2008,M10,2008 Oct,191.140,-1.583,-0.821
CUURS37BSA0,2008,M12,2008 Dec,185.930,-5.210,-2.726
CUURS37BSA0,2009,M02,2009 Feb,187.972,2.042,1.098
CUURS37BSA0,2009,M04,2009 Apr,189.701,1.729,0.920
CUURS37BSA0,2009,M06,2009 Jun,192.325,2.624,1.383
CUURS37BSA0,2009,M08,2009 Aug,191.687,-0.638,-0.332
CUURS37BSA0,2009,M10,2009 Oct,191.608,-0.079,-0.041
CUURS37BSA0,2009,M12,2009 Dec,190.932,-0.676,-0.353
CUURS37BSA0,2010,M02,2010 Feb,192.412,1.480,0.775
CUURS37BSA0,2010,M04,2010 Apr,194.037,1.625,0.845
CUURS37BSA0,2010,M06,2010 Jun,194.734,0.697,0.359
CUURS37BSA0,2010,M08,2010 Aug,195.165,0.431,0.221
CUURS37BSA0,2010,M10,2010 Oct,195.094,-0.071,-0.036
CUURS37BSA0,2010,M12,2010 Dec,194.479,-0.615,-0.315
CUURS37BSA0,2011,M02,2011 Feb,197.224,2.745,1.411
CUURS37BSA0,2011,M04,2011 Apr,201.624,4.400,2.231
CUURS37BSA0,2011,M06,2011 Jun,201.309,-0.315,-0.156
CUURS37BSA0,2011,M08,2011 Aug,202.445,1.136,0.564
CUURS37BSA0,2011,M10,2011 Oct,201.398,-1.047,-0.517
CUURS37BSA0,2011,M12,2011 Dec,200.477,-0.921,-0.457
CUURS37BSA0,2012,M02,2012 Feb,204.291,3.814,1.902
CUURS37BSA0,2012,M04,2012 Apr,206.088,1.797,0.880
CUURS37BSA0,2012,M06,2012 Jun,204.829,-1.259,-0.611
CUURS37BSA0,2012,M08,2012 Aug,203.959,-0.870,-0.425
CUURS37BSA0,2012,M10,2012 Oct,204.139,0.180,0.088
CUURS37BSA0,2012,M12,2012 Dec,202.477,-1.662,-0.814
CUURS37BSA0,2013,M02,2013 Feb,205.716,3.239,1.600
CUURS37BSA0,2013,M04,2013 Apr,207.506,1.790,0.870
CUURS37BSA0,2013,M06,2013 Jun,207.882,0.376,0.181
CUURS37BSA0,2013,M08,2013 Aug,208.575,0.693,0.333
CUURS37BSA0,2013,M10,2013 Oct,207.788,-0.787,-0.377
CUURS37BSA0,2013,M12,2013 Dec,209.814,2.026,0.975
CUURS37BSA0,2014,M02,2014 Feb,211.745,1.931,0.920
CUURS37BSA0,2014,M04,2014 Apr,213.309,1.564,0.739
CUURS37BSA0,2014,M06,2014 Jun,214.668,1.359,0.637
CUURS37BSA0,2014,M08,2014 Aug,214.102,-0.566,-0.264
CUURS37BSA0,2014,M10,2014 Oct,214.791,0.689,0.322
CUURS37BSA0,2014,M12,2014 Dec,212.169,-2.622,-1.221
CUURS37BSA0,2015,M02,2015 Feb,210.283,-1.886,-0.889
CUURS37BSA0,2015,M04,2015 Apr,212.439,2.156,1.025
CUURS37BSA0,2015,M06,2015 Jun,213.896,1.457,0.686
CUURS37BSA0,2015,M08,2015 Aug,214.652,0.756,0.353
CUURS37BSA0,2015,M10,2015 Oct,214.569,-0.083,-0.039
CUURS37BSA0,2015,M12,2015 Dec,212.936,-1.633,-0.761
CUURS37BSA0,2016,M02,2016 Feb,214.505,1.569,0.737
CUURS37BSA0,2016,M04,2016 Apr,215.513,1.008,0.470
CUURS37BSA0,2016,M06,2016 Jun,217.305,1.792,0.832
CUURS37BSA0,2016,M08,2016 Aug,216.582,-0.723,-0.333
CUURS37BSA0,2016,M10,2016 Oct,218.200,1.618,0.747
CUURS37BSA0,2016,M12,2016 Dec,217.758,-0.442,-0.203
CUURS37BSA0,2017,M02,2017 Feb,219.061,1.303,0.598
CUURS37BSA0,2017,M04,2017 Apr,219.852,0.791,0.361
CUURS37BSA0,2017,M06,2017 Jun,220.805,0.953,0.433
CUURS37BSA0,2017,M08,2017 Aug,221.255,0.450,0.204
CUURS37BSA0,2017,M10,2017 Oct,223.213,1.958,0.885
CUURS37BSA0,2017,M12,2017 Dec,221.568,-1.645,-0.737
CUURS37BSA0,2018,M02,2018 Feb,224.711,3.143,1.419
CUURS37BSA0,2018,M04,2018 Apr,225.116,0.405,0.180
CUURS37BSA0,2018,M06,2018 Jun,227.393,2.277,1.011
CUURS37BSA0,2018,M08,2018 Aug,226.307,-1.086,-0.478
CUURS37BSA0,2018,M10,2018 Oct,228.070,1.763,0.779
CUURS37BSA0,2018,M12,2018 Dec,226.557,-1.513,-0.663
CUURS37BSA0,2019,M02,2019 Feb,226.804,0.247,0.109
CUURS37BSA0,2019,M04,2019 Apr,229.261,2.457,1.083
CUURS37BSA0,2019,M06,2019 Jun,229.316,0.055,0.024
CUURS37BSA0,2019,M08,2019 Aug,229.423,0.107,0.047
CUURS37BSA0,2019,M10,2019 Oct,230.041,0.618,0.269
CUURS37BSA0,2019,M12,2019 Dec,228.765,-1.276,-0.555
CUURS37BSA0,2020,M02,2020 Feb,230.147,1.382,0.604
CUURS37BSA0,2020,M04,2020 Apr,226.387,-3.760,-1.634
CUURS37BSA0,2020,M06,2020 Jun,228.898,2.511,1.109
CUURS37BSA0,2020,M08,2020 Aug,228.978,0.080,0.035
CUURS37BSA0,2020,M10,2020 Oct,229.885,0.907,0.396
CUURS37BSA0,2020,M12,2020 Dec,230.388,0.503,0.219
CUURS37BSA0,2021,M02,2021 Feb,232.442,2.054,0.892
CUURS37BSA0,2021,M04,2021 Apr,236.604,4.162,1.791
CUURS37BSA0,2021,M06,2021 Jun,239.374,2.770,1.171
CUURS37BSA0,2021,M08,2021 Aug,241.088,1.714,0.716
CUURS37BSA0,2021,M10,2021 Oct,243.813,2.725,1.130
CUURS37BSA0,2021,M12,2021 Dec,245.509,1.696,0.696
CUURS37BSA0,2022,M02,2022 Feb,250.563,5.054,2.059
CUURS37BSA0,2022,M04,2022 Apr,256.668,6.105,2.437
CUURS37BSA0,2022,M06,2022 Jun,263.874,7.206,2.808
CUURS37BSA0,2022,M08,2022 Aug,264.074,0.200,0.076
CUURS37BSA0,2022,M10,2022 Oct,262.423,-1.651,-0.625
CUURS37BSA0,2022,M12,2022 Dec,258.588,-3.835,-1.461